42
   1.00000000000000                  0                  0
  -1.00000000000000                  0                  0
                  0  -1.00000000000000                  0
                  0   1.00000000000000                  0
                  0                  0  -1.00000000000000
                  0                  0   1.00000000000000
   0.40821495522883   0.81652991412137   0.40821495522883
   0.33328889000002   0.66667777666672  -0.66667777666672
  -0.33328889000002   0.66667777666672  -0.66667777666672
  -0.33328889000002  -0.66667777666672  -0.66667777666672
  -0.21819884245821  -0.43639768491642   0.87289536930235
  -0.21819884245821   0.43639768491642   0.87289536930235
   0.70710678118655                  0   0.70710678118655
   0.83911758292969   0.48653565291721   0.24323803250861
   0.24323803250861   0.48653565291721   0.83911758292969
  -0.70710678118655                  0  -0.70710678118655
  -0.18255227730029  -0.36515932580057  -0.91287092890143
  -0.81647616801742  -0.40826870260871  -0.40826870260871
   0.57735026918963  -0.57735026918963  -0.57735026918963
   0.70710678118655                  0  -0.70710678118655
  -0.12873636679804   0.84746524858709   0.51500446629215
   0.10544048609939   0.69529676349598   0.71094635139589
   0.21416311790831   0.95303112113697   0.21416311790831
  -0.11274098849688   0.22548197709376   0.96770209647321
  -0.70710678118655   0.70710678118655                  0
  -0.78044688959078   0.27958218899670   0.55922844359339
   0.18255227730029   0.36515932580057  -0.91287092890143
   0.81647616801742   0.40826870260871  -0.40826870260871
   0.44182899800187   0.88377716770373  -0.15402939450065
   0.18255227730029   0.91287092890143  -0.36515932580057
   0.70710678118655  -0.70710678118655                  0
  -0.18255227730029  -0.91287092890143  -0.36515932580057
  -0.70710678118655  -0.70710678118655                  0
  -0.81647616801742   0.40826870260871  -0.40826870260871
  -0.18255227730029   0.36515932580057  -0.91287092890143
                  0   0.70710678118655  -0.70710678118655
  -0.18255227730029   0.91287092890143  -0.36515932580057
  -0.11274098849688  -0.22548197709376   0.96770209647321
   0.62521784010902  -0.34899599050503   0.69807195261007
  -0.12873636679804  -0.84746524858709   0.51500446629215
  -0.78044688959078  -0.27958218899670   0.55922844359339
  -0.24250947410116                  0   0.97014903750464
80
2 34 16
2 26 25
2 25 34
1 20 28
2 41 26
21 7 23
21 25 26
4 21 23
4 25 21
6 13 15
1 13 39
6 39 13
1 14 13
1 28 14
14 7 15
14 15 13
2 16 18
1 39 31
4 23 29
29 14 28
29 23 7
29 7 14
27 20 5
4 37 25
35 5 16
35 27 5
35 36 27
42 26 41
2 33 41
2 18 33
1 19 20
1 31 19
19 5 20
19 31 3
4 29 30
4 30 37
30 36 37
6 15 24
6 24 42
40 3 31
40 31 39
40 33 3
40 41 33
17 5 19
17 16 5
22 7 21
22 15 7
6 42 38
6 38 39
32 19 3
32 3 33
10 18 16
10 16 17
10 17 19
10 19 32
10 33 18
10 32 33
9 34 25
9 25 37
9 16 34
9 35 16
9 37 36
9 36 35
8 28 20
8 20 27
8 29 28
8 30 29
8 27 36
8 36 30
11 42 41
11 38 42
11 41 40
11 40 39
11 39 38
12 26 42
12 42 24
12 21 26
12 22 21
12 24 15
12 15 22
