66 
   0.0000000000    0.0000000000    1.0000000000 
   1.0000000000    0.0000000000    0.0000000000 
   0.0000000000    1.0000000000    0.0000000000 
  -1.0000000000    0.0000000000    0.0000000000 
   0.0000000000   -1.0000000000    0.0000000000 
   0.0000000000    0.0000000000   -1.0000000000 
   0.7071067812    0.0000000000    0.7071067812 
   0.7071067812    0.7071067812    0.0000000000 
   0.0000000000    0.7071067812    0.7071067812 
  -0.7071067812    0.7071067812    0.0000000000 
  -0.7071067812    0.0000000000    0.7071067812 
  -0.7071067812   -0.7071067812    0.0000000000 
   0.0000000000   -0.7071067812    0.7071067812 
   0.7071067812   -0.7071067812    0.0000000000 
   0.0000000000    0.7071067812   -0.7071067812 
   0.7071067812    0.0000000000   -0.7071067812 
  -0.7071067812    0.0000000000   -0.7071067812 
   0.0000000000   -0.7071067812   -0.7071067812 
   0.3826834324    0.0000000000    0.9238795325 
   0.4082482905    0.4082482905    0.8164965809 
   0.0000000000    0.3826834324    0.9238795325 
   0.9238795325    0.3826834324    0.0000000000 
   0.8164965809    0.4082482905    0.4082482905 
   0.9238795325    0.0000000000    0.3826834324 
   0.0000000000    0.9238795325    0.3826834324 
   0.4082482905    0.8164965809    0.4082482905 
   0.3826834324    0.9238795325    0.0000000000 
  -0.4082482905    0.4082482905    0.8164965809 
  -0.3826834324    0.0000000000    0.9238795325 
  -0.3826834324    0.9238795325    0.0000000000 
  -0.4082482905    0.8164965809    0.4082482905 
  -0.9238795325    0.0000000000    0.3826834324 
  -0.8164965809    0.4082482905    0.4082482905 
  -0.9238795325    0.3826834324    0.0000000000 
  -0.4082482905   -0.4082482905    0.8164965809 
   0.0000000000   -0.3826834324    0.9238795325 
  -0.9238795325   -0.3826834324    0.0000000000 
  -0.8164965809   -0.4082482905    0.4082482905 
   0.0000000000   -0.9238795325    0.3826834324 
  -0.4082482905   -0.8164965809    0.4082482905 
  -0.3826834324   -0.9238795325    0.0000000000 
   0.4082482905   -0.4082482905    0.8164965809 
   0.3826834324   -0.9238795325    0.0000000000 
   0.4082482905   -0.8164965809    0.4082482905 
   0.8164965809   -0.4082482905    0.4082482905 
   0.9238795325   -0.3826834324    0.0000000000 
   0.0000000000    0.3826834324   -0.9238795325 
   0.4082482905    0.4082482905   -0.8164965809 
   0.3826834324    0.0000000000   -0.9238795325 
   0.4082482905    0.8164965809   -0.4082482905 
   0.0000000000    0.9238795325   -0.3826834324 
   0.9238795325    0.0000000000   -0.3826834324 
   0.8164965809    0.4082482905   -0.4082482905 
  -0.3826834324    0.0000000000   -0.9238795325 
  -0.4082482905    0.4082482905   -0.8164965809 
  -0.8164965809    0.4082482905   -0.4082482905 
  -0.9238795325    0.0000000000   -0.3826834324 
  -0.4082482905    0.8164965809   -0.4082482905 
   0.0000000000   -0.3826834324   -0.9238795325 
  -0.4082482905   -0.4082482905   -0.8164965809 
  -0.4082482905   -0.8164965809   -0.4082482905 
   0.0000000000   -0.9238795325   -0.3826834324 
  -0.8164965809   -0.4082482905   -0.4082482905 
   0.4082482905   -0.4082482905   -0.8164965809 
   0.8164965809   -0.4082482905   -0.4082482905 
   0.4082482905   -0.8164965809   -0.4082482905 
128 
1 19 21 
7 20 19 
9 21 20 
19 20 21 
2 22 24 
8 23 22 
7 24 23 
22 23 24 
3 25 27 
9 26 25 
8 27 26 
25 26 27 
7 23 20 
8 26 23 
9 20 26 
23 26 20 
1 21 29 
9 28 21 
11 29 28 
21 28 29 
3 30 25 
10 31 30 
9 25 31 
30 31 25 
4 32 34 
11 33 32 
10 34 33 
32 33 34 
9 31 28 
10 33 31 
11 28 33 
31 33 28 
1 29 36 
11 35 29 
13 36 35 
29 35 36 
4 37 32 
12 38 37 
11 32 38 
37 38 32 
5 39 41 
13 40 39 
12 41 40 
39 40 41 
11 38 35 
12 40 38 
13 35 40 
38 40 35 
1 36 19 
13 42 36 
7 19 42 
36 42 19 
5 43 39 
14 44 43 
13 39 44 
43 44 39 
2 24 46 
7 45 24 
14 46 45 
24 45 46 
13 44 42 
14 45 44 
7 42 45 
44 45 42 
6 47 49 
15 48 47 
16 49 48 
47 48 49 
3 27 51 
8 50 27 
15 51 50 
27 50 51 
2 52 22 
16 53 52 
8 22 53 
52 53 22 
15 50 48 
8 53 50 
16 48 53 
50 53 48 
6 54 47 
17 55 54 
15 47 55 
54 55 47 
4 34 57 
10 56 34 
17 57 56 
34 56 57 
3 51 30 
15 58 51 
10 30 58 
51 58 30 
17 56 55 
10 58 56 
15 55 58 
56 58 55 
6 59 54 
18 60 59 
17 54 60 
59 60 54 
5 41 62 
12 61 41 
18 62 61 
41 61 62 
4 57 37 
17 63 57 
12 37 63 
57 63 37 
18 61 60 
12 63 61 
17 60 63 
61 63 60 
6 49 59 
16 64 49 
18 59 64 
49 64 59 
2 46 52 
14 65 46 
16 52 65 
46 65 52 
5 62 43 
18 66 62 
14 43 66 
62 66 43 
16 65 64 
14 66 65 
18 64 66 
65 66 64 
