1026
   1.0000000000    0.0000000000    0.0000000000
  -1.0000000000    0.0000000000    0.0000000000
   0.0000000000   -1.0000000000    0.0000000000
   0.0000000000    1.0000000000    0.0000000000
   0.0000000000    0.0000000000   -1.0000000000
   0.0000000000    0.0000000000    1.0000000000
   0.0000000000    0.7071067812    0.7071067812
  -0.7071067812    0.7071067812    0.0000000000
  -0.7071067812    0.0000000000    0.7071067812
   0.7071067812    0.0000000000    0.7071067812
   0.7071067812    0.7071067812    0.0000000000
   0.0000000000    0.7071067812   -0.7071067812
  -0.7071067812    0.0000000000   -0.7071067812
   0.7071067812    0.0000000000   -0.7071067812
  -0.7071067812   -0.7071067812    0.0000000000
   0.0000000000   -0.7071067812    0.7071067812
   0.7071067812   -0.7071067812    0.0000000000
   0.0000000000   -0.7071067812   -0.7071067812
  -0.9238795325   -0.3826834324    0.0000000000
  -0.8164965809   -0.4082482905    0.4082482905
  -0.9238795325    0.0000000000    0.3826834324
  -0.3826834324    0.0000000000    0.9238795325
  -0.4082482905   -0.4082482905    0.8164965809
   0.0000000000   -0.3826834324    0.9238795325
  -0.4082482905   -0.8164965809    0.4082482905
  -0.3826834324   -0.9238795325    0.0000000000
   0.0000000000   -0.9238795325    0.3826834324
  -0.9238795325    0.0000000000   -0.3826834324
  -0.8164965809   -0.4082482905   -0.4082482905
  -0.4082482905    0.4082482905   -0.8164965809
   0.0000000000    0.3826834324   -0.9238795325
  -0.3826834324    0.0000000000   -0.9238795325
   0.4082482905   -0.8164965809    0.4082482905
   0.3826834324   -0.9238795325    0.0000000000
  -0.8164965809    0.4082482905    0.4082482905
  -0.9238795325    0.3826834324    0.0000000000
   0.0000000000    0.9238795325   -0.3826834324
  -0.4082482905    0.8164965809   -0.4082482905
  -0.3826834324    0.9238795325    0.0000000000
  -0.8164965809    0.4082482905   -0.4082482905
   0.9238795325   -0.3826834324    0.0000000000
   0.8164965809   -0.4082482905   -0.4082482905
   0.9238795325    0.0000000000   -0.3826834324
   0.3826834324    0.0000000000   -0.9238795325
   0.4082482905    0.4082482905   -0.8164965809
   0.0000000000    0.3826834324    0.9238795325
  -0.4082482905    0.4082482905    0.8164965809
  -0.4082482905    0.8164965809    0.4082482905
   0.0000000000    0.9238795325    0.3826834324
   0.0000000000   -0.9238795325   -0.3826834324
  -0.4082482905   -0.8164965809   -0.4082482905
  -0.4082482905   -0.4082482905   -0.8164965809
   0.0000000000   -0.3826834324   -0.9238795325
   0.4082482905   -0.8164965809   -0.4082482905
   0.4082482905   -0.4082482905   -0.8164965809
   0.4082482905   -0.4082482905    0.8164965809
   0.3826834324    0.0000000000    0.9238795325
   0.9238795325    0.0000000000    0.3826834324
   0.8164965809   -0.4082482905    0.4082482905
   0.4082482905    0.4082482905    0.8164965809
   0.3826834324    0.9238795325    0.0000000000
   0.4082482905    0.8164965809   -0.4082482905
   0.8164965809    0.4082482905   -0.4082482905
   0.9238795325    0.3826834324    0.0000000000
   0.4082482905    0.8164965809    0.4082482905
   0.8164965809    0.4082482905    0.4082482905
   0.2113248654    0.7886751346   -0.5773502692
   0.0000000000    0.8314696123   -0.5555702330
   0.2088465989    0.8903200345   -0.4046150446
  -0.2088465989    0.8903200345   -0.4046150446
  -0.2113248654    0.7886751346   -0.5773502692
  -0.8903200345   -0.4046150446   -0.2088465989
  -0.7886751346   -0.5773502692   -0.2113248654
  -0.8314696123   -0.5555702330    0.0000000000
  -0.9807852804    0.0000000000   -0.1950903220
  -0.9596829823   -0.1987568534   -0.1987568534
  -0.9807852804   -0.1950903220    0.0000000000
  -0.8903200345   -0.2088465989   -0.4046150446
  -0.8314696123    0.0000000000   -0.5555702330
  -0.8903200345    0.2088465989   -0.4046150446
  -0.7886751346    0.2113248654   -0.5773502692
  -0.7886751346   -0.2113248654   -0.5773502692
   0.0000000000    0.1950903220   -0.9807852804
  -0.1950903220    0.0000000000   -0.9807852804
  -0.1987568534    0.1987568534   -0.9596829823
   0.7886751346   -0.2113248654    0.5773502692
   0.8903200345   -0.2088465989    0.4046150446
   0.8314696123    0.0000000000    0.5555702330
  -0.5773502692   -0.7886751346   -0.2113248654
  -0.6396021491   -0.6396021491   -0.4264014327
   0.9807852804    0.0000000000    0.1950903220
   0.9596829823   -0.1987568534    0.1987568534
   0.9807852804   -0.1950903220    0.0000000000
   0.8903200345   -0.4046150446    0.2088465989
   0.9807852804    0.1950903220    0.0000000000
   0.9596829823    0.1987568534    0.1987568534
  -0.9596829823   -0.1987568534    0.1987568534
  -0.9807852804    0.0000000000    0.1950903220
  -0.1987568534   -0.1987568534   -0.9596829823
   0.0000000000   -0.1950903220   -0.9807852804
   0.2113248654    0.5773502692   -0.7886751346
   0.4264014327    0.6396021491   -0.6396021491
   0.2088465989    0.4046150446   -0.8903200345
   0.0000000000    0.5555702330   -0.8314696123
  -0.6396021491    0.4264014327   -0.6396021491
  -0.6396021491    0.6396021491   -0.4264014327
  -0.4264014327    0.6396021491   -0.6396021491
  -0.2088465989    0.4046150446   -0.8903200345
  -0.4046150446    0.2088465989   -0.8903200345
  -0.5773502692    0.2113248654   -0.7886751346
  -0.5555702330    0.0000000000   -0.8314696123
  -0.2113248654    0.5773502692   -0.7886751346
  -0.1950903220    0.0000000000    0.9807852804
  -0.1987568534   -0.1987568534    0.9596829823
   0.0000000000   -0.1950903220    0.9807852804
  -0.4046150446   -0.2088465989    0.8903200345
  -0.2088465989   -0.4046150446    0.8903200345
  -0.1987568534    0.1987568534    0.9596829823
  -0.2088465989    0.4046150446    0.8903200345
  -0.4046150446    0.2088465989    0.8903200345
   0.0000000000    0.1950903220    0.9807852804
   0.4264014327   -0.6396021491    0.6396021491
   0.6396021491   -0.6396021491    0.4264014327
   0.6396021491   -0.4264014327    0.6396021491
   0.5773502692   -0.2113248654    0.7886751346
  -0.5773502692   -0.2113248654    0.7886751346
  -0.5555702330    0.0000000000    0.8314696123
  -0.5773502692    0.2113248654    0.7886751346
   0.7886751346   -0.5773502692    0.2113248654
   0.5773502692   -0.7886751346    0.2113248654
   0.8314696123   -0.5555702330    0.0000000000
  -0.4046150446   -0.8903200345    0.2088465989
  -0.5773502692   -0.7886751346    0.2113248654
  -0.5555702330   -0.8314696123    0.0000000000
  -0.4046150446   -0.8903200345   -0.2088465989
  -0.1987568534   -0.9596829823   -0.1987568534
   0.0000000000   -0.9807852804   -0.1950903220
  -0.1950903220   -0.9807852804    0.0000000000
  -0.2088465989   -0.8903200345   -0.4046150446
   0.1950903220    0.9807852804    0.0000000000
   0.1987568534    0.9596829823   -0.1987568534
   0.0000000000    0.9807852804   -0.1950903220
   0.4046150446    0.8903200345   -0.2088465989
   0.1987568534    0.9596829823    0.1987568534
   0.2088465989    0.8903200345    0.4046150446
   0.4046150446    0.8903200345    0.2088465989
   0.0000000000    0.9807852804    0.1950903220
   0.6396021491    0.6396021491    0.4264014327
   0.4264014327    0.6396021491    0.6396021491
   0.6396021491    0.4264014327    0.6396021491
   0.8903200345    0.2088465989    0.4046150446
   0.8903200345    0.4046150446    0.2088465989
   0.5773502692    0.2113248654    0.7886751346
   0.7886751346    0.2113248654    0.5773502692
  -0.6396021491   -0.4264014327   -0.6396021491
  -0.5773502692   -0.2113248654   -0.7886751346
  -0.4046150446   -0.2088465989   -0.8903200345
  -0.4264014327   -0.6396021491   -0.6396021491
  -0.2088465989   -0.4046150446   -0.8903200345
  -0.1987568534    0.9596829823   -0.1987568534
  -0.1950903220    0.9807852804    0.0000000000
  -0.4046150446    0.8903200345   -0.2088465989
  -0.4046150446    0.8903200345    0.2088465989
  -0.2088465989    0.8903200345    0.4046150446
  -0.1987568534    0.9596829823    0.1987568534
   0.5773502692    0.7886751346   -0.2113248654
   0.5555702330    0.8314696123    0.0000000000
   0.5773502692    0.7886751346    0.2113248654
   0.7886751346    0.5773502692    0.2113248654
   0.8314696123    0.5555702330    0.0000000000
   0.1950903220    0.0000000000   -0.9807852804
   0.1987568534    0.1987568534   -0.9596829823
   0.4046150446    0.2088465989   -0.8903200345
   0.1987568534   -0.1987568534   -0.9596829823
   0.4046150446   -0.2088465989   -0.8903200345
   0.2088465989   -0.4046150446   -0.8903200345
   0.1987568534   -0.1987568534    0.9596829823
   0.1950903220    0.0000000000    0.9807852804
   0.2088465989   -0.4046150446    0.8903200345
   0.4046150446   -0.2088465989    0.8903200345
   0.5555702330    0.0000000000    0.8314696123
   0.4046150446    0.2088465989    0.8903200345
   0.2088465989    0.4046150446    0.8903200345
   0.1987568534    0.1987568534    0.9596829823
  -0.6396021491    0.4264014327    0.6396021491
  -0.4264014327    0.6396021491    0.6396021491
  -0.6396021491    0.6396021491    0.4264014327
  -0.7886751346    0.2113248654    0.5773502692
  -0.8903200345    0.2088465989    0.4046150446
  -0.8314696123    0.0000000000    0.5555702330
  -0.6396021491   -0.6396021491    0.4264014327
  -0.4264014327   -0.6396021491    0.6396021491
  -0.6396021491   -0.4264014327    0.6396021491
  -0.8903200345   -0.2088465989    0.4046150446
  -0.8903200345   -0.4046150446    0.2088465989
  -0.7886751346   -0.5773502692    0.2113248654
  -0.7886751346   -0.2113248654    0.5773502692
   0.5773502692   -0.2113248654   -0.7886751346
   0.5555702330    0.0000000000   -0.8314696123
   0.5773502692    0.2113248654   -0.7886751346
   0.5555702330   -0.8314696123    0.0000000000
   0.4046150446   -0.8903200345    0.2088465989
   0.4046150446   -0.8903200345   -0.2088465989
   0.5773502692   -0.7886751346   -0.2113248654
   0.1987568534   -0.9596829823   -0.1987568534
   0.2088465989   -0.8903200345   -0.4046150446
   0.1950903220   -0.9807852804    0.0000000000
   0.0000000000   -0.5555702330    0.8314696123
  -0.2113248654   -0.5773502692    0.7886751346
  -0.2113248654   -0.7886751346    0.5773502692
   0.2113248654   -0.7886751346    0.5773502692
   0.2113248654   -0.5773502692    0.7886751346
  -0.2113248654    0.5773502692    0.7886751346
   0.0000000000    0.5555702330    0.8314696123
   0.0000000000    0.8314696123    0.5555702330
  -0.2113248654    0.7886751346    0.5773502692
   0.2113248654    0.5773502692    0.7886751346
   0.2113248654    0.7886751346    0.5773502692
  -0.9807852804    0.1950903220    0.0000000000
  -0.9596829823    0.1987568534   -0.1987568534
  -0.8903200345    0.4046150446   -0.2088465989
  -0.9596829823    0.1987568534    0.1987568534
  -0.8903200345    0.4046150446    0.2088465989
   0.9596829823   -0.1987568534   -0.1987568534
   0.9807852804    0.0000000000   -0.1950903220
   0.9596829823    0.1987568534   -0.1987568534
   0.0000000000   -0.5555702330   -0.8314696123
   0.2113248654   -0.5773502692   -0.7886751346
   0.4264014327   -0.6396021491   -0.6396021491
   0.2113248654   -0.7886751346   -0.5773502692
   0.0000000000   -0.8314696123   -0.5555702330
  -0.2113248654   -0.7886751346   -0.5773502692
  -0.2113248654   -0.5773502692   -0.7886751346
   0.2088465989   -0.8903200345    0.4046150446
   0.0000000000   -0.8314696123    0.5555702330
   0.1987568534   -0.9596829823    0.1987568534
   0.0000000000   -0.9807852804    0.1950903220
  -0.2088465989   -0.8903200345    0.4046150446
  -0.1987568534   -0.9596829823    0.1987568534
  -0.5773502692    0.7886751346   -0.2113248654
  -0.7886751346    0.5773502692   -0.2113248654
  -0.5555702330    0.8314696123    0.0000000000
  -0.8314696123    0.5555702330    0.0000000000
  -0.5773502692    0.7886751346    0.2113248654
  -0.7886751346    0.5773502692    0.2113248654
   0.8903200345   -0.4046150446   -0.2088465989
   0.7886751346   -0.5773502692   -0.2113248654
   0.6396021491   -0.6396021491   -0.4264014327
   0.6396021491   -0.4264014327   -0.6396021491
   0.8903200345   -0.2088465989   -0.4046150446
   0.7886751346   -0.2113248654   -0.5773502692
   0.8314696123    0.0000000000   -0.5555702330
   0.6396021491    0.4264014327   -0.6396021491
   0.6396021491    0.6396021491   -0.4264014327
   0.8903200345    0.4046150446   -0.2088465989
   0.8903200345    0.2088465989   -0.4046150446
   0.7886751346    0.5773502692   -0.2113248654
   0.7886751346    0.2113248654   -0.5773502692
  -0.9951847267    0.0000000000    0.0980171403
  -0.9902528528    0.0984867696    0.0984867696
  -0.9951847267    0.0980171403    0.0000000000
  -0.9902528528    0.0984867696   -0.0984867696
  -0.9951847267    0.0000000000   -0.0980171403
  -0.9902528528   -0.0984867696   -0.0984867696
  -0.9951847267   -0.0980171403    0.0000000000
  -0.9902528528   -0.0984867696    0.0984867696
   0.0980171403    0.0000000000   -0.9951847267
   0.0000000000    0.0980171403   -0.9951847267
   0.0984867696    0.0984867696   -0.9902528528
  -0.0984867696    0.0984867696   -0.9902528528
  -0.0980171403    0.0000000000   -0.9951847267
   0.0000000000   -0.0980171403    0.9951847267
   0.0984867696   -0.0984867696    0.9902528528
   0.0980171403    0.0000000000    0.9951847267
   0.0000000000    0.9951847267    0.0980171403
   0.0984867696    0.9902528528    0.0984867696
   0.0980171403    0.9951847267    0.0000000000
  -0.0980171403    0.9951847267    0.0000000000
  -0.0984867696    0.9902528528    0.0984867696
   0.0998786107    0.9751174408    0.1979147287
   0.0000000000    0.9569403357    0.2902846773
   0.1003184913    0.9506899840    0.2934701937
   0.1979147287    0.9751174408    0.0998786107
  -0.8685133718   -0.1053474007   -0.4843412519
  -0.8148701867   -0.1062882393   -0.5698152236
  -0.8437454923   -0.2111487784   -0.4934670583
   0.2934701937    0.1003184913    0.9506899840
   0.1979147287    0.0998786107    0.9751174408
   0.2902846773    0.0000000000    0.9569403357
   0.1050186593    0.3958935935   -0.9122715297
   0.0000000000    0.4713967368   -0.8819212643
   0.1053474007    0.4843412519   -0.8685133718
  -0.2902846773    0.0000000000   -0.9569403357
  -0.1979147287   -0.0998786107   -0.9751174408
  -0.2934701937   -0.1003184913   -0.9506899840
   0.0000000000   -0.0980171403   -0.9951847267
   0.0984867696   -0.0984867696   -0.9902528528
  -0.0984867696   -0.0984867696   -0.9902528528
  -0.0998786107   -0.1979147287   -0.9751174408
   0.0000000000    0.9951847267   -0.0980171403
  -0.0984867696    0.9902528528   -0.0984867696
   0.0984867696    0.9902528528   -0.0984867696
   0.0984867696    0.0984867696    0.9902528528
   0.0000000000    0.0980171403    0.9951847267
   0.0998786107    0.1979147287    0.9751174408
   0.5698152236    0.8148701867   -0.1062882393
   0.6343932842    0.7730104534    0.0000000000
   0.6477702898    0.7543444795   -0.1065741897
   0.1003184913    0.9506899840   -0.2934701937
   0.0000000000    0.9569403357   -0.2902846773
   0.0998786107    0.9751174408   -0.1979147287
   0.1979147287    0.9751174408   -0.0998786107
  -0.8685133718   -0.1053474007    0.4843412519
  -0.8819212643    0.0000000000    0.4713967368
  -0.9122715297   -0.1050186593    0.3958935935
  -0.8148701867   -0.5698152236   -0.1062882393
  -0.7543444795   -0.6477702898   -0.1065741897
  -0.7730104534   -0.6343932842    0.0000000000
  -0.7543444795   -0.6477702898    0.1065741897
  -0.8148701867   -0.5698152236    0.1062882393
  -0.8685133718   -0.4843412519    0.1053474007
  -0.9122715297   -0.3958935935    0.1050186593
  -0.8819212643   -0.4713967368    0.0000000000
  -0.8437454923   -0.4934670583    0.2111487784
  -0.8819212643    0.0000000000   -0.4713967368
  -0.9122715297   -0.1050186593   -0.3958935935
  -0.8685133718   -0.4843412519   -0.1053474007
  -0.9122715297   -0.3958935935   -0.1050186593
  -0.8437454923   -0.4934670583   -0.2111487784
  -0.8582739368   -0.3103065996   -0.4087489004
  -0.8095113395   -0.3124597141   -0.4970516254
  -0.8582739368   -0.4087489004   -0.3103065996
  -0.8989750671   -0.3097126319   -0.3097126319
  -0.7359241010   -0.5295921059   -0.4218387356
  -0.7206866372   -0.6140553771   -0.3217868312
  -0.8095113395   -0.4970516254   -0.3124597141
  -0.6907683582   -0.6907683582   -0.2137244738
  -0.6140553771   -0.7206866372   -0.3217868312
  -0.6477702898   -0.7543444795   -0.1065741897
   0.8582739368    0.4087489004    0.3103065996
   0.8437454923    0.4934670583    0.2111487784
   0.8095113395    0.4970516254    0.3124597141
   0.9951847267    0.0980171403    0.0000000000
   0.9902528528    0.0984867696    0.0984867696
   0.9951847267    0.0000000000    0.0980171403
  -0.0998786107   -0.9751174408   -0.1979147287
  -0.0984867696   -0.9902528528   -0.0984867696
  -0.1979147287   -0.9751174408   -0.0998786107
  -0.1003184913   -0.9506899840   -0.2934701937
   0.0000000000   -0.9569403357   -0.2902846773
   0.9122715297   -0.1050186593    0.3958935935
   0.8819212643    0.0000000000    0.4713967368
   0.8685133718   -0.1053474007    0.4843412519
   0.4843412519   -0.1053474007    0.8685133718
   0.4713967368    0.0000000000    0.8819212643
   0.3958935935   -0.1050186593    0.9122715297
   0.9951847267    0.0000000000   -0.0980171403
   0.9902528528    0.0984867696   -0.0984867696
  -0.4843412519   -0.1053474007   -0.8685133718
  -0.4713967368    0.0000000000   -0.8819212643
  -0.3958935935   -0.1050186593   -0.9122715297
  -0.3034852838   -0.2050172536   -0.9305184621
  -0.4713967368    0.0000000000    0.8819212643
  -0.4843412519   -0.1053474007    0.8685133718
  -0.3958935935   -0.1050186593    0.9122715297
  -0.3958935935    0.1050186593    0.9122715297
  -0.4843412519    0.1053474007    0.8685133718
   0.8437454923    0.4934670583   -0.2111487784
   0.8582739368    0.4087489004   -0.3103065996
   0.8095113395    0.4970516254   -0.3124597141
   0.6907683582    0.6907683582   -0.2137244738
   0.7543444795    0.6477702898   -0.1065741897
   0.3103065996    0.4087489004    0.8582739368
   0.3124597141    0.4970516254    0.8095113395
   0.2111487784    0.4934670583    0.8437454923
   0.2111487784    0.4934670583   -0.8437454923
   0.1062882393    0.5698152236   -0.8148701867
   0.0000000000    0.6343932842   -0.7730104534
   0.1065741897    0.6477702898   -0.7543444795
   0.2137244738    0.6907683582   -0.6907683582
   0.3217868312    0.7206866372   -0.6140553771
   0.3217868312    0.6140553771   -0.7206866372
   0.1065741897    0.7543444795   -0.6477702898
   0.0998786107    0.1979147287   -0.9751174408
   0.0000000000    0.2902846773   -0.9569403357
   0.1003184913    0.2934701937   -0.9506899840
   0.2050172536    0.3034852838   -0.9305184621
   0.1979147287    0.0998786107   -0.9751174408
   0.4218387356    0.7359241010   -0.5295921059
   0.3124597141    0.8095113395   -0.4970516254
   0.2934701937    0.9506899840   -0.1003184913
   0.2902846773    0.9569403357    0.0000000000
   0.2934701937    0.9506899840    0.1003184913
  -0.4087489004    0.8582739368   -0.3103065996
  -0.4970516254    0.8095113395   -0.3124597141
  -0.4934670583    0.8437454923   -0.2111487784
  -0.5698152236    0.8148701867   -0.1062882393
  -0.4843412519    0.8685133718   -0.1053474007
  -0.8148701867   -0.1062882393    0.5698152236
  -0.8437454923   -0.2111487784    0.4934670583
   0.3124597141    0.4970516254   -0.8095113395
   0.4218387356    0.5295921059   -0.7359241010
   0.3103065996    0.4087489004   -0.8582739368
  -0.1053474007    0.4843412519   -0.8685133718
  -0.1050186593    0.3958935935   -0.9122715297
  -0.3958935935    0.1050186593   -0.9122715297
  -0.4843412519    0.1053474007   -0.8685133718
  -0.4087489004    0.3103065996   -0.8582739368
  -0.3103065996    0.4087489004   -0.8582739368
  -0.3097126319    0.3097126319   -0.8989750671
   0.8095113395   -0.4970516254   -0.3124597141
   0.7206866372   -0.6140553771   -0.3217868312
   0.7359241010   -0.5295921059   -0.4218387356
   0.5295921059    0.4218387356   -0.7359241010
   0.5391638660    0.5391638660   -0.6469966392
   0.6140553771    0.3217868312   -0.7206866372
   0.4970516254    0.3124597141   -0.8095113395
   0.5698152236    0.1062882393    0.8148701867
   0.6343932842    0.0000000000    0.7730104534
   0.6477702898    0.1065741897    0.7543444795
   0.7543444795    0.1065741897    0.6477702898
   0.7730104534    0.0000000000    0.6343932842
   0.8148701867    0.1062882393    0.5698152236
   0.6907683582    0.2137244738    0.6907683582
   0.5391638660   -0.6469966392    0.5391638660
   0.6469966392   -0.5391638660    0.5391638660
   0.5391638660   -0.5391638660    0.6469966392
   0.4218387356   -0.7359241010   -0.5295921059
   0.3124597141   -0.8095113395   -0.4970516254
   0.3217868312   -0.7206866372   -0.6140553771
   0.5391638660   -0.6469966392   -0.5391638660
   0.5295921059   -0.7359241010   -0.4218387356
   0.9751174408    0.1979147287   -0.0998786107
   0.9751174408    0.0998786107   -0.1979147287
   0.8148701867   -0.1062882393    0.5698152236
   0.7543444795   -0.1065741897    0.6477702898
   0.8437454923   -0.2111487784    0.4934670583
   0.6477702898   -0.1065741897    0.7543444795
   0.5698152236   -0.1062882393    0.8148701867
   0.4934670583   -0.2111487784    0.8437454923
   0.6140553771   -0.3217868312    0.7206866372
   0.7206866372   -0.3217868312    0.6140553771
   0.6907683582   -0.2137244738    0.6907683582
  -0.6140553771    0.7206866372   -0.3217868312
  -0.5295921059    0.7359241010   -0.4218387356
  -0.4087489004    0.3103065996    0.8582739368
  -0.3097126319    0.3097126319    0.8989750671
  -0.3103065996    0.4087489004    0.8582739368
   0.9951847267   -0.0980171403    0.0000000000
   0.9902528528   -0.0984867696   -0.0984867696
   0.9902528528   -0.0984867696    0.0984867696
  -0.4934670583   -0.2111487784   -0.8437454923
  -0.4087489004   -0.3103065996   -0.8582739368
  -0.4970516254   -0.3124597141   -0.8095113395
  -0.5698152236   -0.1062882393   -0.8148701867
  -0.1053474007   -0.8685133718   -0.4843412519
   0.0000000000   -0.8819212643   -0.4713967368
  -0.1050186593   -0.9122715297   -0.3958935935
  -0.2050172536   -0.9305184621   -0.3034852838
  -0.3034852838   -0.9305184621   -0.2050172536
  -0.3097126319   -0.8989750671   -0.3097126319
  -0.1053474007   -0.4843412519   -0.8685133718
  -0.1062882393   -0.5698152236   -0.8148701867
  -0.2111487784   -0.4934670583   -0.8437454923
  -0.3124597141   -0.4970516254   -0.8095113395
  -0.3103065996   -0.4087489004   -0.8582739368
  -0.3097126319   -0.3097126319   -0.8989750671
  -0.2050172536   -0.3034852838   -0.9305184621
  -0.0980171403    0.0000000000    0.9951847267
  -0.0984867696   -0.0984867696    0.9902528528
  -0.0984867696    0.0984867696    0.9902528528
   0.8148701867    0.5698152236    0.1062882393
   0.8685133718    0.4843412519    0.1053474007
   0.8685133718    0.4843412519   -0.1053474007
   0.8148701867    0.5698152236   -0.1062882393
   0.7730104534    0.6343932842    0.0000000000
   0.7543444795    0.6477702898    0.1065741897
   0.0000000000    0.2902846773    0.9569403357
   0.1003184913    0.2934701937    0.9506899840
   0.2050172536    0.3034852838    0.9305184621
   0.1050186593    0.3958935935    0.9122715297
   0.0000000000    0.7730104534   -0.6343932842
  -0.1065741897    0.7543444795   -0.6477702898
  -0.1062882393    0.8148701867   -0.5698152236
   0.1062882393    0.8148701867   -0.5698152236
   0.2902846773    0.0000000000   -0.9569403357
   0.2934701937    0.1003184913   -0.9506899840
   0.4934670583    0.8437454923   -0.2111487784
   0.4970516254    0.8095113395   -0.3124597141
   0.4087489004    0.8582739368   -0.3103065996
   0.3034852838    0.9305184621   -0.2050172536
   0.3958935935    0.9122715297   -0.1050186593
   0.4843412519    0.8685133718   -0.1053474007
   0.4713967368    0.8819212643    0.0000000000
   0.3103065996    0.8582739368   -0.4087489004
   0.2111487784    0.8437454923   -0.4934670583
   0.1050186593    0.9122715297   -0.3958935935
   0.2050172536    0.9305184621   -0.3034852838
   0.3097126319    0.8989750671   -0.3097126319
   0.1053474007    0.8685133718   -0.4843412519
   0.0000000000    0.8819212643   -0.4713967368
  -0.3958935935    0.9122715297   -0.1050186593
  -0.4713967368    0.8819212643    0.0000000000
  -0.5698152236    0.1062882393    0.8148701867
  -0.4934670583    0.2111487784    0.8437454923
  -0.4970516254    0.3124597141    0.8095113395
  -0.8582739368   -0.3103065996    0.4087489004
  -0.8989750671   -0.3097126319    0.3097126319
  -0.8582739368   -0.4087489004    0.3103065996
  -0.8095113395   -0.4970516254    0.3124597141
  -0.8095113395   -0.3124597141    0.4970516254
   0.2050172536    0.9305184621    0.3034852838
   0.1050186593    0.9122715297    0.3958935935
   0.6477702898    0.7543444795    0.1065741897
   0.5698152236    0.8148701867    0.1062882393
   0.6907683582    0.6907683582    0.2137244738
  -0.1062882393    0.5698152236   -0.8148701867
  -0.2111487784    0.4934670583   -0.8437454923
  -0.1065741897    0.6477702898   -0.7543444795
  -0.2137244738    0.6907683582   -0.6907683582
  -0.3124597141    0.4970516254   -0.8095113395
  -0.1003184913    0.2934701937   -0.9506899840
  -0.0998786107    0.1979147287   -0.9751174408
  -0.2050172536    0.3034852838   -0.9305184621
  -0.1979147287    0.0998786107   -0.9751174408
  -0.3034852838    0.2050172536   -0.9305184621
  -0.2934701937    0.1003184913   -0.9506899840
  -0.4934670583    0.2111487784   -0.8437454923
  -0.5698152236    0.1062882393   -0.8148701867
  -0.4970516254    0.3124597141   -0.8095113395
   0.8582739368   -0.3103065996   -0.4087489004
   0.8095113395   -0.3124597141   -0.4970516254
   0.8437454923   -0.2111487784   -0.4934670583
   0.8148701867   -0.1062882393   -0.5698152236
   0.8685133718   -0.1053474007   -0.4843412519
   0.4087489004    0.3103065996   -0.8582739368
   0.4934670583    0.2111487784   -0.8437454923
   0.3958935935    0.1050186593   -0.9122715297
   0.3034852838    0.2050172536   -0.9305184621
   0.3097126319    0.3097126319   -0.8989750671
   0.5698152236    0.1062882393   -0.8148701867
   0.4843412519    0.1053474007   -0.8685133718
   0.4713967368    0.0000000000   -0.8819212643
   0.6140553771    0.7206866372   -0.3217868312
   0.7206866372    0.6140553771   -0.3217868312
   0.6469966392    0.5391638660   -0.5391638660
   0.5391638660    0.6469966392   -0.5391638660
   0.5295921059    0.7359241010   -0.4218387356
   0.7359241010    0.5295921059   -0.4218387356
   0.7359241010    0.4218387356   -0.5295921059
   0.0000000000   -0.4713967368   -0.8819212643
  -0.1050186593   -0.3958935935   -0.9122715297
  -0.1003184913   -0.2934701937   -0.9506899840
   0.0000000000   -0.2902846773   -0.9569403357
   0.3958935935    0.1050186593    0.9122715297
   0.4843412519    0.1053474007    0.8685133718
   0.4934670583    0.2111487784    0.8437454923
   0.3034852838    0.2050172536    0.9305184621
   0.4970516254    0.3124597141    0.8095113395
   0.4087489004    0.3103065996    0.8582739368
   0.3097126319    0.3097126319    0.8989750671
  -0.3034852838    0.2050172536    0.9305184621
  -0.2934701937    0.1003184913    0.9506899840
  -0.2902846773    0.0000000000    0.9569403357
  -0.1979147287    0.0998786107    0.9751174408
  -0.2050172536    0.3034852838    0.9305184621
  -0.0998786107    0.1979147287    0.9751174408
  -0.1003184913    0.2934701937    0.9506899840
  -0.1050186593    0.3958935935    0.9122715297
   0.5295921059   -0.7359241010    0.4218387356
   0.4218387356   -0.7359241010    0.5295921059
   0.0998786107   -0.1979147287   -0.9751174408
   0.1979147287   -0.0998786107   -0.9751174408
   0.2934701937   -0.1003184913   -0.9506899840
   0.1003184913   -0.2934701937   -0.9506899840
   0.9506899840    0.1003184913    0.2934701937
   0.9569403357    0.0000000000    0.2902846773
   0.9751174408    0.0998786107    0.1979147287
   0.9751174408    0.1979147287    0.0998786107
   0.8582739368    0.3103065996   -0.4087489004
   0.8989750671    0.3097126319   -0.3097126319
   0.9305184621    0.3034852838   -0.2050172536
   0.9305184621    0.2050172536   -0.3034852838
   0.7359241010   -0.5295921059    0.4218387356
   0.7206866372   -0.6140553771    0.3217868312
   0.8095113395   -0.4970516254    0.3124597141
   0.7359241010   -0.4218387356    0.5295921059
   0.8095113395   -0.3124597141    0.4970516254
   0.8582739368   -0.3103065996    0.4087489004
  -0.6343932842   -0.7730104534    0.0000000000
  -0.5698152236   -0.8148701867   -0.1062882393
  -0.4934670583   -0.8437454923   -0.2111487784
  -0.4843412519   -0.8685133718   -0.1053474007
  -0.0998786107   -0.9751174408    0.1979147287
  -0.1979147287   -0.9751174408    0.0998786107
  -0.0984867696   -0.9902528528    0.0984867696
  -0.9751174408    0.0998786107   -0.1979147287
  -0.9751174408    0.1979147287   -0.0998786107
  -0.9506899840    0.1003184913   -0.2934701937
  -0.9569403357    0.0000000000   -0.2902846773
  -0.2111487784    0.8437454923   -0.4934670583
  -0.3124597141    0.8095113395   -0.4970516254
  -0.3103065996    0.8582739368   -0.4087489004
  -0.3097126319    0.8989750671   -0.3097126319
  -0.1050186593    0.9122715297   -0.3958935935
  -0.1053474007    0.8685133718   -0.4843412519
   0.3124597141    0.8095113395    0.4970516254
   0.3103065996    0.8582739368    0.4087489004
   0.2111487784    0.8437454923    0.4934670583
   0.1065741897    0.7543444795    0.6477702898
   0.1065741897    0.6477702898    0.7543444795
   0.2137244738    0.6907683582    0.6907683582
  -0.1003184913    0.9506899840    0.2934701937
  -0.0998786107    0.9751174408    0.1979147287
  -0.1979147287    0.9751174408    0.0998786107
  -0.2902846773    0.9569403357    0.0000000000
  -0.2934701937    0.9506899840    0.1003184913
   0.9751174408   -0.1979147287    0.0998786107
   0.9751174408   -0.0998786107    0.1979147287
   0.9506899840   -0.1003184913    0.2934701937
   0.9305184621   -0.2050172536    0.3034852838
   0.9569403357   -0.2902846773    0.0000000000
   0.9506899840   -0.2934701937    0.1003184913
  -0.3103065996   -0.8582739368   -0.4087489004
  -0.4087489004   -0.8582739368   -0.3103065996
  -0.4970516254   -0.8095113395   -0.3124597141
  -0.5295921059   -0.7359241010   -0.4218387356
  -0.1062882393   -0.8148701867   -0.5698152236
  -0.2111487784   -0.8437454923   -0.4934670583
  -0.3124597141   -0.8095113395   -0.4970516254
   0.9122715297    0.3958935935   -0.1050186593
   0.8819212643    0.4713967368    0.0000000000
   0.9122715297    0.3958935935    0.1050186593
   0.9506899840    0.2934701937   -0.1003184913
   0.9569403357    0.2902846773    0.0000000000
   0.9305184621    0.3034852838    0.2050172536
   0.9506899840    0.2934701937    0.1003184913
   0.1053474007    0.4843412519    0.8685133718
   0.1062882393    0.5698152236    0.8148701867
   0.0000000000    0.4713967368    0.8819212643
   0.0000000000    0.6343932842    0.7730104534
  -0.1053474007    0.4843412519    0.8685133718
   0.7730104534    0.0000000000   -0.6343932842
   0.7543444795   -0.1065741897   -0.6477702898
   0.6343932842    0.0000000000   -0.7730104534
   0.6477702898    0.1065741897   -0.7543444795
  -0.4934670583   -0.2111487784    0.8437454923
  -0.5698152236   -0.1062882393    0.8148701867
   0.4843412519    0.8685133718    0.1053474007
   0.3958935935    0.9122715297    0.1050186593
   0.4934670583    0.8437454923    0.2111487784
   0.3034852838    0.9305184621    0.2050172536
   0.4087489004    0.8582739368    0.3103065996
   0.4970516254    0.8095113395    0.3124597141
   0.3097126319    0.8989750671    0.3097126319
  -0.5295921059    0.4218387356   -0.7359241010
  -0.6140553771    0.3217868312   -0.7206866372
  -0.6477702898    0.1065741897   -0.7543444795
  -0.6343932842    0.0000000000   -0.7730104534
  -0.7543444795   -0.1065741897   -0.6477702898
  -0.7730104534    0.0000000000   -0.6343932842
  -0.6477702898   -0.1065741897   -0.7543444795
  -0.6907683582   -0.2137244738   -0.6907683582
   0.9122715297   -0.1050186593   -0.3958935935
   0.8819212643    0.0000000000   -0.4713967368
   0.8685133718    0.1053474007   -0.4843412519
   0.9122715297    0.1050186593   -0.3958935935
   0.9506899840    0.1003184913   -0.2934701937
   0.9569403357    0.0000000000   -0.2902846773
   0.3124597141   -0.4970516254   -0.8095113395
   0.4218387356   -0.5295921059   -0.7359241010
   0.3217868312   -0.6140553771   -0.7206866372
   0.2137244738   -0.6907683582   -0.6907683582
   0.1065741897   -0.7543444795    0.6477702898
   0.0000000000   -0.7730104534    0.6343932842
   0.1062882393   -0.8148701867    0.5698152236
   0.3124597141   -0.8095113395    0.4970516254
   0.3217868312   -0.7206866372    0.6140553771
   0.8989750671    0.3097126319    0.3097126319
   0.8582739368    0.3103065996    0.4087489004
   0.9305184621    0.2050172536    0.3034852838
   0.8095113395    0.3124597141    0.4970516254
   0.8437454923    0.2111487784    0.4934670583
   0.9122715297    0.1050186593    0.3958935935
   0.8685133718    0.1053474007    0.4843412519
   0.3217868312    0.6140553771    0.7206866372
   0.4218387356    0.5295921059    0.7359241010
   0.3217868312    0.7206866372    0.6140553771
   0.4218387356    0.7359241010    0.5295921059
  -0.1062882393   -0.8148701867    0.5698152236
  -0.1065741897   -0.7543444795    0.6477702898
  -0.7359241010   -0.5295921059    0.4218387356
  -0.7206866372   -0.6140553771    0.3217868312
  -0.1053474007   -0.4843412519    0.8685133718
   0.0000000000   -0.4713967368    0.8819212643
  -0.1050186593   -0.3958935935    0.9122715297
  -0.4713967368   -0.8819212643    0.0000000000
  -0.3958935935   -0.9122715297   -0.1050186593
  -0.2902846773   -0.9569403357    0.0000000000
  -0.2934701937   -0.9506899840    0.1003184913
  -0.2934701937   -0.9506899840   -0.1003184913
  -0.9751174408   -0.0998786107   -0.1979147287
  -0.9506899840   -0.1003184913   -0.2934701937
  -0.9305184621   -0.2050172536   -0.3034852838
  -0.9751174408   -0.1979147287   -0.0998786107
  -0.9305184621   -0.3034852838   -0.2050172536
  -0.9506899840   -0.2934701937   -0.1003184913
  -0.9569403357   -0.2902846773    0.0000000000
  -0.9506899840    0.2934701937   -0.1003184913
  -0.9569403357    0.2902846773    0.0000000000
  -0.1062882393    0.8148701867    0.5698152236
  -0.1065741897    0.7543444795    0.6477702898
   0.0000000000    0.7730104534    0.6343932842
   0.1062882393    0.8148701867    0.5698152236
   0.1053474007    0.8685133718    0.4843412519
   0.0000000000    0.8819212643    0.4713967368
  -0.2934701937    0.9506899840   -0.1003184913
  -0.1979147287    0.9751174408   -0.0998786107
  -0.3034852838    0.9305184621   -0.2050172536
  -0.0998786107    0.9751174408   -0.1979147287
  -0.2050172536    0.9305184621   -0.3034852838
  -0.1003184913    0.9506899840   -0.2934701937
  -0.1050186593    0.9122715297    0.3958935935
  -0.2050172536    0.9305184621    0.3034852838
  -0.1053474007    0.8685133718    0.4843412519
  -0.2111487784    0.8437454923    0.4934670583
   0.8437454923   -0.4934670583   -0.2111487784
   0.8582739368   -0.4087489004   -0.3103065996
   0.8685133718   -0.4843412519   -0.1053474007
   0.8148701867   -0.5698152236   -0.1062882393
   0.9122715297   -0.3958935935   -0.1050186593
   0.8819212643   -0.4713967368    0.0000000000
   0.8989750671   -0.3097126319   -0.3097126319
   0.8437454923   -0.4934670583    0.2111487784
   0.8148701867   -0.5698152236    0.1062882393
   0.8685133718   -0.4843412519    0.1053474007
   0.9122715297   -0.3958935935    0.1050186593
   0.9305184621   -0.3034852838    0.2050172536
   0.8582739368   -0.4087489004    0.3103065996
   0.8989750671   -0.3097126319    0.3097126319
   0.1065741897   -0.7543444795   -0.6477702898
   0.1062882393   -0.8148701867   -0.5698152236
   0.0000000000   -0.7730104534   -0.6343932842
   0.0000000000   -0.6343932842   -0.7730104534
   0.1062882393   -0.5698152236   -0.8148701867
   0.1065741897   -0.6477702898   -0.7543444795
  -0.1065741897   -0.6477702898   -0.7543444795
  -0.1065741897   -0.7543444795   -0.6477702898
  -0.2137244738   -0.6907683582   -0.6907683582
  -0.2111487784    0.4934670583    0.8437454923
  -0.1062882393    0.5698152236    0.8148701867
  -0.1065741897    0.6477702898    0.7543444795
  -0.3124597141    0.4970516254    0.8095113395
  -0.3217868312    0.6140553771    0.7206866372
  -0.4218387356    0.5295921059    0.7359241010
  -0.2137244738    0.6907683582    0.6907683582
  -0.3217868312    0.7206866372    0.6140553771
   0.5698152236   -0.1062882393   -0.8148701867
   0.6477702898   -0.1065741897   -0.7543444795
   0.6907683582   -0.2137244738   -0.6907683582
   0.8437454923    0.2111487784   -0.4934670583
   0.8148701867    0.1062882393   -0.5698152236
   0.7543444795    0.1065741897   -0.6477702898
   0.7206866372    0.3217868312   -0.6140553771
   0.8095113395    0.3124597141   -0.4970516254
   0.6907683582    0.2137244738   -0.6907683582
  -0.7359241010    0.5295921059   -0.4218387356
  -0.6469966392    0.5391638660   -0.5391638660
  -0.7359241010    0.4218387356   -0.5295921059
  -0.3217868312    0.7206866372   -0.6140553771
  -0.3217868312    0.6140553771   -0.7206866372
  -0.5391638660    0.5391638660   -0.6469966392
  -0.5391638660    0.6469966392   -0.5391638660
  -0.4218387356    0.7359241010   -0.5295921059
  -0.4218387356    0.5295921059   -0.7359241010
  -0.7206866372   -0.3217868312   -0.6140553771
  -0.6140553771   -0.3217868312   -0.7206866372
  -0.6469966392   -0.5391638660   -0.5391638660
  -0.7359241010   -0.4218387356   -0.5295921059
  -0.5295921059   -0.4218387356   -0.7359241010
  -0.7543444795    0.1065741897   -0.6477702898
  -0.8148701867    0.1062882393   -0.5698152236
  -0.8095113395    0.3124597141   -0.4970516254
  -0.7206866372    0.3217868312   -0.6140553771
  -0.6907683582    0.2137244738   -0.6907683582
   0.3103065996   -0.4087489004   -0.8582739368
   0.2111487784   -0.4934670583   -0.8437454923
   0.1050186593   -0.3958935935   -0.9122715297
   0.2050172536   -0.3034852838   -0.9305184621
   0.1053474007   -0.4843412519   -0.8685133718
   0.0998786107   -0.9751174408   -0.1979147287
   0.1003184913   -0.9506899840   -0.2934701937
   0.1050186593   -0.3958935935    0.9122715297
   0.1053474007   -0.4843412519    0.8685133718
   0.0000000000   -0.9569403357    0.2902846773
   0.0998786107   -0.9751174408    0.1979147287
   0.1003184913   -0.9506899840    0.2934701937
  -0.1003184913   -0.9506899840    0.2934701937
   0.3103065996   -0.8582739368    0.4087489004
   0.2111487784   -0.8437454923    0.4934670583
   0.1050186593   -0.9122715297    0.3958935935
   0.2050172536   -0.9305184621    0.3034852838
   0.1053474007   -0.8685133718    0.4843412519
   0.0000000000   -0.8819212643    0.4713967368
   0.6140553771    0.3217868312    0.7206866372
   0.7206866372    0.3217868312    0.6140553771
   0.7359241010    0.4218387356    0.5295921059
   0.5295921059    0.4218387356    0.7359241010
   0.5391638660    0.5391638660    0.6469966392
  -0.7206866372   -0.3217868312    0.6140553771
  -0.7359241010   -0.4218387356    0.5295921059
  -0.6469966392   -0.5391638660    0.5391638660
  -0.6140553771   -0.3217868312    0.7206866372
  -0.6907683582   -0.2137244738    0.6907683582
  -0.5391638660   -0.6469966392    0.5391638660
  -0.5391638660   -0.5391638660    0.6469966392
  -0.3124597141   -0.8095113395    0.4970516254
  -0.3217868312   -0.7206866372    0.6140553771
  -0.4218387356   -0.7359241010    0.5295921059
  -0.5295921059   -0.7359241010    0.4218387356
  -0.9751174408   -0.1979147287    0.0998786107
  -0.9506899840   -0.2934701937    0.1003184913
  -0.9305184621   -0.3034852838    0.2050172536
  -0.9751174408   -0.0998786107    0.1979147287
  -0.9305184621   -0.2050172536    0.3034852838
  -0.9506899840   -0.1003184913    0.2934701937
  -0.9569403357    0.0000000000    0.2902846773
  -0.1065741897   -0.6477702898    0.7543444795
   0.0000000000   -0.6343932842    0.7730104534
  -0.1062882393   -0.5698152236    0.8148701867
  -0.2111487784   -0.4934670583    0.8437454923
  -0.2137244738   -0.6907683582    0.6907683582
  -0.3217868312   -0.6140553771    0.7206866372
  -0.1003184913   -0.2934701937    0.9506899840
   0.0000000000   -0.2902846773    0.9569403357
  -0.0998786107   -0.1979147287    0.9751174408
  -0.2050172536   -0.3034852838    0.9305184621
  -0.1979147287   -0.0998786107    0.9751174408
  -0.3034852838   -0.2050172536    0.9305184621
  -0.3097126319   -0.3097126319    0.8989750671
  -0.2934701937   -0.1003184913    0.9506899840
  -0.6477702898   -0.7543444795    0.1065741897
  -0.5698152236   -0.8148701867    0.1062882393
  -0.4970516254   -0.8095113395    0.3124597141
  -0.6140553771   -0.7206866372    0.3217868312
  -0.6907683582   -0.6907683582    0.2137244738
  -0.6907683582    0.6907683582   -0.2137244738
  -0.7206866372    0.6140553771   -0.3217868312
  -0.8095113395    0.4970516254   -0.3124597141
  -0.6343932842    0.7730104534    0.0000000000
  -0.6477702898    0.7543444795   -0.1065741897
  -0.7543444795    0.6477702898   -0.1065741897
  -0.8148701867    0.5698152236   -0.1062882393
  -0.7730104534    0.6343932842    0.0000000000
  -0.6477702898    0.7543444795    0.1065741897
  -0.5698152236    0.8148701867    0.1062882393
  -0.4970516254    0.8095113395    0.3124597141
  -0.6140553771    0.7206866372    0.3217868312
  -0.5295921059    0.7359241010    0.4218387356
  -0.5391638660    0.6469966392    0.5391638660
  -0.4218387356    0.7359241010    0.5295921059
  -0.3124597141    0.8095113395    0.4970516254
  -0.3103065996    0.8582739368    0.4087489004
   0.9751174408   -0.1979147287   -0.0998786107
   0.9506899840   -0.2934701937   -0.1003184913
   0.9305184621   -0.3034852838   -0.2050172536
   0.9751174408   -0.0998786107   -0.1979147287
   0.9305184621   -0.2050172536   -0.3034852838
   0.9506899840   -0.1003184913   -0.2934701937
  -0.3217868312   -0.6140553771   -0.7206866372
  -0.3217868312   -0.7206866372   -0.6140553771
  -0.5391638660   -0.6469966392   -0.5391638660
  -0.5391638660   -0.5391638660   -0.6469966392
  -0.4218387356   -0.7359241010   -0.5295921059
  -0.4218387356   -0.5295921059   -0.7359241010
   0.3958935935   -0.1050186593   -0.9122715297
   0.4843412519   -0.1053474007   -0.8685133718
   0.4934670583   -0.2111487784   -0.8437454923
   0.3034852838   -0.2050172536   -0.9305184621
   0.4970516254   -0.3124597141   -0.8095113395
   0.4087489004   -0.3103065996   -0.8582739368
   0.3097126319   -0.3097126319   -0.8989750671
   0.5391638660   -0.5391638660   -0.6469966392
   0.5295921059   -0.4218387356   -0.7359241010
   0.6140553771   -0.3217868312   -0.7206866372
   0.6469966392   -0.5391638660   -0.5391638660
   0.7206866372   -0.3217868312   -0.6140553771
   0.7359241010   -0.4218387356   -0.5295921059
  -0.9122715297    0.1050186593   -0.3958935935
  -0.9305184621    0.2050172536   -0.3034852838
  -0.8685133718    0.1053474007   -0.4843412519
  -0.8437454923    0.2111487784   -0.4934670583
  -0.8582739368    0.3103065996   -0.4087489004
   0.2111487784   -0.8437454923   -0.4934670583
   0.3103065996   -0.8582739368   -0.4087489004
   0.2050172536   -0.9305184621   -0.3034852838
   0.1050186593   -0.9122715297   -0.3958935935
   0.1053474007   -0.8685133718   -0.4843412519
  -0.0980171403   -0.9951847267    0.0000000000
   0.0000000000   -0.9951847267   -0.0980171403
   0.0000000000   -0.9951847267    0.0980171403
   0.7543444795   -0.6477702898   -0.1065741897
   0.7730104534   -0.6343932842    0.0000000000
   0.7543444795   -0.6477702898    0.1065741897
   0.1979147287   -0.9751174408    0.0998786107
   0.0984867696   -0.9902528528    0.0984867696
   0.0980171403   -0.9951847267    0.0000000000
   0.0984867696   -0.9902528528   -0.0984867696
   0.1979147287   -0.9751174408   -0.0998786107
   0.2111487784   -0.4934670583    0.8437454923
   0.1062882393   -0.5698152236    0.8148701867
   0.1065741897   -0.6477702898    0.7543444795
   0.2137244738   -0.6907683582    0.6907683582
   0.3217868312   -0.6140553771    0.7206866372
   0.0998786107   -0.1979147287    0.9751174408
   0.1003184913   -0.2934701937    0.9506899840
   0.2050172536   -0.3034852838    0.9305184621
   0.3097126319   -0.3097126319    0.8989750671
   0.3034852838   -0.2050172536    0.9305184621
   0.1979147287   -0.0998786107    0.9751174408
   0.2934701937   -0.1003184913    0.9506899840
   0.4218387356   -0.5295921059    0.7359241010
   0.5295921059   -0.4218387356    0.7359241010
   0.4087489004   -0.3103065996    0.8582739368
   0.3103065996   -0.4087489004    0.8582739368
   0.4970516254   -0.3124597141    0.8095113395
   0.3124597141   -0.4970516254    0.8095113395
   0.7206866372    0.6140553771    0.3217868312
   0.6140553771    0.7206866372    0.3217868312
   0.5391638660    0.6469966392    0.5391638660
   0.6469966392    0.5391638660    0.5391638660
   0.5295921059    0.7359241010    0.4218387356
   0.7359241010    0.5295921059    0.4218387356
  -0.3103065996   -0.4087489004    0.8582739368
  -0.4087489004   -0.3103065996    0.8582739368
  -0.5295921059   -0.4218387356    0.7359241010
  -0.4218387356   -0.5295921059    0.7359241010
  -0.3124597141   -0.4970516254    0.8095113395
  -0.4970516254   -0.3124597141    0.8095113395
  -0.7730104534    0.0000000000    0.6343932842
  -0.7543444795   -0.1065741897    0.6477702898
  -0.6477702898   -0.1065741897    0.7543444795
  -0.6343932842    0.0000000000    0.7730104534
  -0.6477702898    0.1065741897    0.7543444795
  -0.7543444795    0.1065741897    0.6477702898
  -0.8148701867    0.1062882393    0.5698152236
  -0.6907683582    0.2137244738    0.6907683582
  -0.2111487784   -0.8437454923    0.4934670583
  -0.3103065996   -0.8582739368    0.4087489004
  -0.2050172536   -0.9305184621    0.3034852838
  -0.1050186593   -0.9122715297    0.3958935935
  -0.1053474007   -0.8685133718    0.4843412519
  -0.8685133718    0.4843412519    0.1053474007
  -0.8819212643    0.4713967368    0.0000000000
  -0.9122715297    0.3958935935    0.1050186593
  -0.3958935935   -0.9122715297    0.1050186593
  -0.3034852838   -0.9305184621    0.2050172536
  -0.4087489004   -0.8582739368    0.3103065996
  -0.4934670583   -0.8437454923    0.2111487784
  -0.4843412519   -0.8685133718    0.1053474007
  -0.3097126319   -0.8989750671    0.3097126319
  -0.9122715297    0.3958935935   -0.1050186593
  -0.8685133718    0.4843412519   -0.1053474007
  -0.8437454923    0.4934670583   -0.2111487784
  -0.9305184621    0.3034852838   -0.2050172536
  -0.8582739368    0.4087489004   -0.3103065996
  -0.8989750671    0.3097126319   -0.3097126319
  -0.4934670583    0.8437454923    0.2111487784
  -0.4087489004    0.8582739368    0.3103065996
  -0.3034852838    0.9305184621    0.2050172536
  -0.3958935935    0.9122715297    0.1050186593
  -0.3097126319    0.8989750671    0.3097126319
  -0.4843412519    0.8685133718    0.1053474007
   0.2934701937   -0.9506899840    0.1003184913
   0.2902846773   -0.9569403357    0.0000000000
   0.2934701937   -0.9506899840   -0.1003184913
   0.6907683582   -0.6907683582    0.2137244738
   0.6140553771   -0.7206866372    0.3217868312
   0.6477702898   -0.7543444795    0.1065741897
   0.5698152236   -0.8148701867    0.1062882393
   0.6343932842   -0.7730104534    0.0000000000
   0.4970516254   -0.8095113395    0.3124597141
  -0.7206866372    0.3217868312    0.6140553771
  -0.6140553771    0.3217868312    0.7206866372
  -0.5391638660    0.5391638660    0.6469966392
  -0.6469966392    0.5391638660    0.5391638660
  -0.5295921059    0.4218387356    0.7359241010
  -0.9122715297    0.1050186593    0.3958935935
  -0.8685133718    0.1053474007    0.4843412519
  -0.8437454923    0.2111487784    0.4934670583
  -0.7543444795    0.6477702898    0.1065741897
  -0.8148701867    0.5698152236    0.1062882393
  -0.8437454923    0.4934670583    0.2111487784
  -0.7206866372    0.6140553771    0.3217868312
  -0.6907683582    0.6907683582    0.2137244738
   0.4970516254   -0.8095113395   -0.3124597141
   0.6140553771   -0.7206866372   -0.3217868312
   0.6477702898   -0.7543444795   -0.1065741897
   0.5698152236   -0.8148701867   -0.1062882393
   0.6907683582   -0.6907683582   -0.2137244738
   0.4934670583   -0.8437454923    0.2111487784
   0.4087489004   -0.8582739368    0.3103065996
   0.3097126319   -0.8989750671    0.3097126319
   0.3034852838   -0.9305184621    0.2050172536
   0.3958935935   -0.9122715297    0.1050186593
   0.4713967368   -0.8819212643    0.0000000000
   0.4843412519   -0.8685133718    0.1053474007
  -0.9751174408    0.1979147287    0.0998786107
  -0.9751174408    0.0998786107    0.1979147287
  -0.9305184621    0.2050172536    0.3034852838
  -0.8989750671    0.3097126319    0.3097126319
  -0.9305184621    0.3034852838    0.2050172536
  -0.9506899840    0.2934701937    0.1003184913
  -0.9506899840    0.1003184913    0.2934701937
  -0.7359241010    0.4218387356    0.5295921059
  -0.7359241010    0.5295921059    0.4218387356
  -0.8582739368    0.4087489004    0.3103065996
  -0.8582739368    0.3103065996    0.4087489004
  -0.8095113395    0.4970516254    0.3124597141
  -0.8095113395    0.3124597141    0.4970516254
   0.4843412519   -0.8685133718   -0.1053474007
   0.3958935935   -0.9122715297   -0.1050186593
   0.4934670583   -0.8437454923   -0.2111487784
   0.3034852838   -0.9305184621   -0.2050172536
   0.4087489004   -0.8582739368   -0.3103065996
   0.3097126319   -0.8989750671   -0.3097126319
2048
942 648 943
711 713 215
714 215 713
970 617 971
614 281 147
614 147 279
929 928 516
987 984 506
987 755 985
947 984 983
947 945 944
2 259 261
259 260 261
363 366 367
808 559 805
808 809 687
439 438 419
556 555 355
560 557 559
656 530 657
295 362 361
992 991 854
855 991 995
858 995 994
862 861 757
862 726 863
860 986 985
860 861 859
782 781 661
785 784 657
785 658 781
263 262 75
2 261 263
263 261 262
853 854 852
715 215 714
715 714 609
612 686 688
756 757 754
644 643 534
765 580 761
646 766 763
762 643 763
879 882 789
764 766 416
764 550 765
423 421 422
424 806 805
424 420 421
435 437 353
435 422 436
619 618 451
607 688 689
607 608 609
930 809 931
930 932 689
773 772 768
381 390 389
547 546 415
547 389 548
719 721 604
972 724 970
972 969 863
613 724 723
613 281 614
394 395 396
722 605 721
485 482 68
485 383 482
615 614 279
277 140 302
277 276 140
275 279 147
275 147 276
4 278 275
275 278 279
4 275 277
275 276 277
280 147 281
280 276 147
515 514 307
654 932 929
308 372 371
475 372 476
504 944 943
504 367 505
1015 986 1016
946 940 945
219 262 261
219 261 260
98 260 259
98 259 266
823 508 825
823 822 322
821 266 77
285 661 660
285 286 284
663 660 662
365 363 364
960 697 956
399 941 940
647 364 648
342 928 933
807 933 931
1001 982 1002
1001 1007 980
354 440 439
354 355 356
181 439 419
181 556 355
181 355 354
181 354 439
563 562 366
446 506 505
446 447 448
566 568 569
566 447 562
373 561 560
849 848 767
769 767 768
775 656 772
775 771 521
293 84 294
293 294 295
857 858 859
965 967 890
965 709 962
599 890 889
892 782 891
330 286 331
778 334 779
778 873 872
702 75 600
2 263 265
265 77 266
2 265 259
265 266 259
243 992 854
243 854 853
243 853 963
397 851 850
847 852 851
847 444 848
716 215 715
716 715 513
610 714 713
753 754 755
712 713 711
759 644 760
541 646 645
869 868 664
665 664 535
681 636 679
477 472 476
477 514 516
666 762 761
666 667 665
670 671 672
298 299 294
298 294 84
298 84 271
673 672 430
554 553 299
573 297 171
549 550 546
581 582 583
683 423 685
1 343 345
1 357 343
88 685 423
88 435 353
88 423 422
88 422 435
736 734 735
588 589 437
588 442 587
740 738 621
740 589 739
620 619 577
620 351 621
91 577 619
91 578 577
91 451 345
91 619 451
586 734 739
586 584 585
443 436 438
443 441 442
268 5 271
540 539 387
402 415 414
417 414 416
484 482 483
484 68 482
445 444 395
520 771 770
520 483 519
544 371 545
544 548 489
4 300 278
4 277 300
300 277 302
498 497 309
500 496 485
500 485 68
161 279 278
161 615 279
283 392 140
283 140 276
283 276 280
282 280 281
651 515 649
651 653 654
170 475 476
170 476 472
170 473 632
170 472 473
474 170 632
474 475 170
127 504 943
127 943 648
127 363 367
127 367 504
127 648 364
127 364 363
1019 993 1017
1019 1016 994
1018 1017 1011
1020 983 1015
1020 1018 990
989 946 990
1008 710 219
1008 219 260
953 993 992
953 992 243
824 827 98
824 98 266
824 266 821
509 507 508
708 822 821
708 821 77
708 77 705
510 693 692
510 509 324
79 782 661
79 661 285
79 891 782
79 285 284
776 779 331
776 663 777
319 320 318
319 842 846
321 320 324
335 336 334
590 843 842
590 339 591
627 626 338
190 940 946
190 399 940
190 313 399
190 946 989
400 399 313
400 507 511
813 936 939
935 647 939
977 585 978
558 287 555
6 274 304
6 304 469
418 419 420
418 181 419
418 556 181
418 557 556
235 676 675
235 675 690
926 440 924
564 838 113
564 565 563
564 113 565
6 272 274
6 469 272
919 356 921
481 638 640
374 687 686
525 84 293
525 293 527
409 521 518
466 453 467
749 871 870
856 850 855
968 857 969
968 973 856
598 262 219
598 710 709
598 219 710
783 769 784
707 708 705
332 333 330
332 336 329
454 780 777
454 452 453
264 702 705
264 265 263
264 263 75
264 75 702
264 705 77
264 77 265
954 243 963
954 953 243
954 963 962
954 955 953
725 711 215
725 215 716
725 716 723
725 726 711
611 612 610
214 640 638
214 638 639
750 753 448
876 543 877
876 879 574
538 542 543
199 542 541
199 543 542
199 541 645
199 877 543
885 884 880
881 786 882
1 449 357
1 345 449
449 345 451
669 434 225
669 867 869
669 225 867
866 865 731
252 535 534
252 665 535
252 534 643
252 643 762
252 762 666
252 666 665
576 577 578
576 681 684
633 632 473
633 636 637
296 271 5
296 298 271
575 789 788
487 539 538
369 581 580
682 807 806
344 343 95
344 345 343
344 578 91
344 91 345
358 433 95
358 95 343
358 434 433
358 343 357
358 225 434
358 357 225
635 95 433
635 433 634
352 685 88
352 88 353
352 684 685
352 353 351
426 584 587
570 982 978
570 425 571
269 83 384
269 268 83
537 541 542
606 68 484
774 773 445
291 405 404
517 519 378
517 404 518
488 489 490
301 278 300
301 718 161
301 161 278
310 311 309
398 396 397
167 649 515
167 494 649
167 515 307
167 493 494
492 491 391
492 494 493
312 140 392
312 392 391
312 302 140
312 311 302
499 498 491
616 617 615
616 615 161
616 161 718
650 649 494
512 282 513
631 634 582
631 474 632
1010 1014 988
1010 1011 1012
1013 710 1008
1013 1012 955
1009 1008 260
1009 260 98
1009 98 827
1009 827 1014
826 827 824
826 825 315
812 811 692
812 815 816
845 693 846
937 936 816
325 891 79
325 79 284
325 889 891
957 956 700
593 591 592
593 698 697
347 346 137
460 701 698
323 321 322
337 339 317
337 335 338
134 843 590
134 960 843
134 697 960
134 590 591
134 593 697
134 591 593
883 671 884
874 627 872
874 871 630
799 677 800
1005 1004 974
1005 1006 1007
314 313 190
314 190 989
314 315 313
314 989 988
814 942 941
1022 1021 1006
288 178 289
288 289 287
480 558 561
480 481 479
478 568 567
478 567 121
471 567 565
471 469 304
471 565 113
471 113 469
471 121 567
471 304 121
925 924 918
841 838 564
841 365 839
837 839 840
470 115 272
470 272 469
470 113 838
470 469 113
915 115 835
375 373 374
375 639 638
964 849 966
964 963 853
270 271 84
270 84 525
270 268 271
270 83 268
526 527 406
408 409 410
408 528 530
468 467 362
875 873 780
875 465 870
360 111 407
360 359 111
360 407 406
360 361 359
242 397 850
242 850 856
242 856 973
242 398 397
597 262 598
597 75 262
597 600 75
597 599 600
893 967 966
893 783 892
706 328 707
706 704 333
326 325 284
752 712 756
642 751 750
642 569 640
642 214 751
642 640 214
758 645 759
758 199 645
758 877 199
450 357 449
450 867 225
450 225 357
622 618 623
668 434 669
668 667 583
737 623 738
904 903 735
341 342 340
341 473 472
100 299 298
100 298 296
100 554 299
100 296 297
741 742 743
741 746 673
231 743 742
231 742 898
370 549 545
680 679 340
680 682 683
579 578 344
579 344 95
579 635 637
579 95 635
727 729 730
131 736 735
131 730 729
131 735 903
131 903 730
388 269 384
388 171 269
267 5 268
267 268 269
267 269 171
267 171 297
267 296 5
267 297 296
536 417 537
536 540 403
501 500 68
501 68 606
501 497 500
501 606 605
601 606 484
290 387 386
104 517 378
104 291 404
104 404 517
720 718 301
720 310 722
142 311 310
142 302 311
142 300 302
142 310 720
142 301 300
142 720 301
503 973 971
503 502 398
503 242 973
503 398 242
306 307 308
306 167 307
306 493 167
306 488 493
495 499 490
495 390 496
717 616 718
717 719 502
655 608 653
961 957 950
899 138 347
900 347 137
900 3 899
900 899 347
624 630 629
628 456 629
628 231 456
628 743 231
327 323 328
74 318 320
74 323 327
74 320 321
74 321 323
907 3 900
975 974 905
975 905 207
975 207 909
975 909 976
897 896 792
1025 996 1023
428 429 430
894 898 742
1003 1002 799
802 1004 1003
810 511 811
810 813 814
1024 1022 976
1024 896 1026
305 479 478
305 478 121
951 950 798
952 235 690
952 804 235
952 951 804
952 690 948
803 800 676
803 676 235
803 235 804
923 441 926
927 925 910
927 914 922
836 470 838
836 115 470
836 835 115
836 834 835
830 694 831
830 829 208
830 208 694
696 834 837
920 921 289
920 289 178
916 915 835
523 83 270
523 270 525
464 465 466
552 468 553
529 407 111
529 659 658
529 111 659
529 528 407
455 111 359
455 662 659
455 659 111
455 359 452
703 326 704
703 702 600
641 639 611
641 214 639
641 751 214
641 752 751
878 877 758
878 880 881
864 867 450
864 622 865
93 618 622
93 451 618
93 449 451
93 622 864
93 450 449
93 864 450
732 729 731
732 737 736
732 736 131
732 131 729
979 904 977
902 998 1000
902 730 903
999 1021 1023
572 100 297
572 575 554
572 554 100
572 297 573
787 786 670
368 475 474
368 369 370
486 574 573
486 573 171
486 171 388
486 388 487
401 382 402
380 381 382
380 379 383
603 394 604
376 401 403
377 378 379
377 104 378
652 512 655
934 840 935
934 938 831
833 938 937
819 817 818
949 948 817
596 595 138
596 138 899
596 594 595
699 595 700
699 138 595
461 459 460
625 624 461
625 592 626
748 743 628
748 749 747
457 456 231
457 231 898
457 898 897
316 327 329
316 74 327
316 317 318
316 318 74
906 207 905
906 907 207
908 909 207
908 207 907
908 907 900
908 791 909
908 900 137
908 137 791
458 349 459
458 456 457
895 1025 1026
895 894 429
432 428 431
432 997 996
303 121 304
303 305 121
303 304 274
303 288 305
303 274 178
303 178 288
801 803 804
801 797 802
427 425 426
427 923 922
678 677 571
695 208 794
695 694 208
695 794 793
695 696 694
273 178 274
273 920 178
273 274 272
273 915 920
273 272 115
273 115 915
917 916 793
917 918 919
385 83 523
385 386 384
385 384 83
524 526 410
463 464 462
463 744 747
981 979 980
981 999 998
745 746 744
412 1000 997
602 603 601
602 770 774
292 291 104
292 104 377
292 290 291
292 377 376
393 392 283
393 652 650
832 833 818
820 819 815
901 899 3
901 596 899
901 3 907
901 907 906
348 347 138
348 699 701
348 138 699
348 346 347
350 137 346
350 346 349
350 791 137
350 792 791
796 906 905
674 675 676
911 910 794
911 794 208
911 829 912
911 208 829
522 524 405
522 385 523
201 981 980
201 1007 1006
201 980 1007
201 999 981
201 1006 1021
201 1021 999
790 787 745
411 412 413
886 431 883
886 888 413
533 534 535
828 829 830
691 690 675
691 828 832
958 961 949
237 594 596
237 596 901
237 901 906
237 906 796
913 678 914
913 912 674
551 462 552
551 788 790
887 885 760
959 843 960
795 796 797
795 237 796
795 798 594
795 594 237
227 790 745
227 551 790
227 745 744
227 744 463
227 463 462
227 462 551
532 888 887
532 533 531
733 868 866
844 959 958
844 820 845
728 531 733
728 727 411
90 334 778
90 335 334
90 778 872
90 338 335
90 872 627
90 627 338
73 316 329
73 336 335
73 329 336
73 317 316
73 337 317
73 335 337
19 707 328
19 708 707
19 328 323
19 322 822
19 822 708
19 323 322
26 700 956
26 699 700
26 956 697
26 698 701
26 701 699
26 697 698
89 592 591
89 626 592
89 338 626
89 591 339
89 339 337
89 337 338
248 413 412
248 886 413
248 412 997
248 431 886
248 432 431
248 997 432
192 816 815
192 818 833
192 815 819
192 819 818
192 937 816
192 833 937
51 627 874
51 624 625
51 874 630
51 630 624
51 626 627
51 625 626
232 748 628
232 871 749
232 749 748
232 628 629
232 630 871
232 629 630
13 661 781
13 781 658
13 658 659
13 660 661
13 662 660
13 659 662
52 453 466
52 875 780
52 454 453
52 780 454
52 466 465
52 465 875
29 779 334
29 332 330
29 331 779
29 330 331
29 334 336
29 336 332
72 333 332
72 706 333
72 332 329
72 328 706
72 327 328
72 329 327
135 461 460
135 625 461
135 592 625
135 460 698
135 593 592
135 698 593
224 866 868
224 867 864
224 868 869
224 869 867
224 865 866
224 864 865
229 672 671
229 671 883
229 430 672
229 883 431
229 428 430
229 431 428
204 997 1000
204 1000 998
204 998 999
204 999 1023
204 1023 996
204 996 997
54 996 1025
54 432 996
54 1025 895
54 428 432
54 429 428
54 895 429
130 977 978
130 979 977
130 980 979
130 1001 980
130 978 982
130 982 1001
209 828 830
209 830 831
209 833 832
209 832 828
209 831 938
209 938 833
210 690 691
210 948 690
210 832 818
210 691 832
210 817 948
210 818 817
27 804 951
27 801 804
27 951 798
27 798 795
27 797 801
27 795 797
24 696 695
24 835 834
24 834 696
24 695 793
24 793 916
24 916 835
197 814 941
197 810 814
197 941 399
197 399 400
197 400 511
197 511 810
196 846 693
196 319 846
196 320 319
196 324 320
196 510 324
196 693 510
125 440 926
125 926 441
125 439 440
125 443 438
125 441 443
125 438 439
22 365 841
22 841 564
22 363 365
22 563 366
22 564 563
22 366 363
20 692 811
20 507 509
20 511 507
20 811 511
20 510 692
20 509 510
11 307 514
11 477 476
11 514 477
11 476 372
11 308 307
11 372 308
223 1012 1011
223 1011 1017
223 955 1012
223 1017 993
223 993 953
223 953 955
202 1002 1003
202 1003 1004
202 1004 1005
202 1001 1002
202 1007 1001
202 1005 1007
186 754 757
186 860 985
186 985 755
186 755 754
186 757 861
186 861 860
16 829 828
16 691 675
16 828 691
16 912 829
16 675 674
16 674 912
132 957 961
132 961 958
132 958 959
132 956 957
132 960 956
132 959 960
25 819 820
25 958 949
25 817 819
25 949 817
25 820 844
25 844 958
23 936 937
23 934 935
23 939 936
23 935 939
23 937 938
23 938 934
117 837 840
117 840 934
117 934 831
117 696 837
117 831 694
117 694 696
180 918 924
180 919 918
180 356 919
180 924 440
180 440 354
180 354 356
32 406 527
32 527 293
32 360 406
32 361 360
32 295 361
32 293 295
28 889 325
28 600 599
28 599 889
28 325 326
28 703 600
28 326 703
82 285 660
82 660 663
82 663 776
82 286 285
82 331 286
82 776 331
30 656 775
30 409 408
30 775 521
30 521 409
30 530 656
30 408 530
40 767 769
40 893 966
40 849 767
40 966 849
40 769 783
40 783 893
78 704 326
78 286 330
78 284 286
78 326 284
78 330 333
78 333 704
246 733 866
246 728 733
246 727 728
246 866 731
246 731 729
246 729 727
42 413 888
42 531 728
42 888 532
42 532 531
42 411 413
42 728 411
250 868 733
250 733 531
250 531 533
250 664 868
250 535 664
250 533 535
41 731 865
41 865 622
41 732 731
41 737 732
41 622 623
41 623 737
43 869 664
43 669 869
43 664 665
43 665 667
43 667 668
43 668 669
129 904 735
129 735 734
129 585 977
129 977 904
129 586 585
129 734 586
96 636 681
96 578 579
96 576 578
96 681 576
96 637 636
96 579 637
258 762 763
258 763 766
258 766 764
258 761 762
258 765 761
258 764 765
176 789 882
176 882 786
176 786 787
176 788 789
176 790 788
176 787 790
172 539 487
172 487 388
172 387 539
172 388 384
172 386 387
172 384 386
230 673 430
230 741 673
230 742 741
230 894 742
230 430 429
230 429 894
18 744 746
18 741 743
18 746 741
18 747 744
18 743 748
18 748 747
198 759 760
198 760 885
198 758 759
198 878 758
198 885 880
198 880 878
55 884 671
55 786 881
55 671 670
55 670 786
55 880 884
55 881 880
203 1025 1023
203 1022 1024
203 1026 1025
203 1024 1026
203 1023 1021
203 1021 1022
236 1004 802
236 796 905
236 974 1004
236 905 974
236 802 797
236 797 796
126 942 814
126 814 813
126 648 942
126 647 648
126 939 647
126 813 939
194 313 315
194 400 313
194 315 825
194 507 400
194 825 508
194 508 507
133 846 842
133 845 846
133 842 843
133 844 845
133 959 844
133 843 959
195 324 509
195 823 322
195 508 823
195 509 508
195 321 324
195 322 321
191 692 693
191 812 692
191 815 812
191 693 845
191 820 815
191 845 820
61 392 393
61 393 650
61 650 494
61 494 492
61 391 392
61 492 391
166 306 308
166 308 371
166 371 544
166 488 306
166 544 489
166 489 488
189 1010 988
189 989 990
189 988 989
189 990 1018
189 1018 1011
189 1011 1010
36 710 1013
36 1013 955
36 955 954
36 954 962
36 709 710
36 962 709
245 992 993
245 1019 994
245 993 1019
245 991 992
245 994 995
245 995 991
213 751 752
213 750 751
213 756 754
213 752 756
213 754 753
213 753 750
216 712 711
216 711 726
216 757 756
216 756 712
216 862 757
216 726 862
184 480 479
184 479 305
184 305 288
184 558 480
184 287 558
184 288 287
146 655 653
146 652 655
146 653 651
146 650 652
146 651 649
146 649 650
106 444 445
106 445 773
106 848 444
106 773 768
106 767 848
106 768 767
120 562 447
120 447 446
120 446 505
120 366 562
120 367 366
120 505 367
244 858 857
244 857 968
244 968 856
244 856 855
244 855 995
244 995 858
7 713 712
7 712 752
7 752 641
7 610 713
7 611 610
7 641 611
165 970 724
165 614 615
165 724 613
165 613 614
165 617 970
165 615 617
48 859 861
48 863 969
48 969 857
48 857 859
48 861 862
48 862 863
187 858 994
187 986 860
187 994 1016
187 1016 986
187 859 858
187 860 859
47 755 987
47 446 448
47 753 755
47 448 753
47 987 506
47 506 446
234 800 803
234 803 801
234 801 802
234 799 800
234 1003 799
234 802 1003
211 678 913
211 913 674
211 674 676
211 676 800
211 800 677
211 677 678
56 922 923
56 924 925
56 927 922
56 925 927
56 926 924
56 923 926
156 454 777
156 452 454
156 455 452
156 662 455
156 777 663
156 663 662
247 411 727
247 412 411
247 727 730
247 730 902
247 902 1000
247 1000 412
249 888 886
249 887 888
249 886 883
249 885 887
249 884 885
249 883 884
14 643 644
14 759 645
14 644 759
14 763 643
14 645 646
14 646 763
92 623 618
92 738 623
92 621 738
92 618 619
92 620 621
92 619 620
58 684 352
58 577 576
58 576 684
58 352 351
58 620 577
58 351 620
151 684 681
151 685 684
151 683 685
151 680 683
151 681 679
151 679 680
64 633 637
64 637 635
64 632 633
64 631 632
64 635 634
64 634 631
152 679 636
152 340 679
152 341 340
152 636 633
152 633 473
152 473 341
63 550 549
63 369 580
63 549 370
63 370 369
63 765 550
63 580 765
149 688 686
149 809 930
149 687 809
149 686 687
149 689 688
149 930 689
226 434 668
226 668 583
226 433 434
226 583 582
226 582 634
226 634 433
228 670 672
228 787 670
228 745 787
228 746 745
228 672 673
228 673 746
53 788 551
53 575 788
53 554 575
53 551 552
53 553 554
53 552 553
44 543 876
44 538 543
44 876 574
44 574 486
44 487 538
44 486 487
254 546 547
254 544 545
254 549 546
254 545 549
254 547 548
254 548 544
103 540 387
103 403 540
103 376 403
103 387 290
103 290 292
103 292 376
85 523 525
85 526 524
85 525 527
85 527 526
85 522 523
85 524 522
174 879 789
174 572 573
174 574 879
174 573 574
174 789 575
174 575 572
31 290 386
31 386 385
31 291 290
31 405 291
31 522 405
31 385 522
206 1026 896
206 895 1026
206 894 895
206 896 897
206 897 898
206 898 894
158 872 873
158 870 871
158 875 870
158 873 875
158 874 872
158 871 874
34 1022 1006
34 1006 1005
34 976 1022
34 975 976
34 1005 974
34 974 975
123 570 978
123 425 570
123 978 585
123 426 425
123 585 584
123 584 426
239 798 950
239 594 798
239 595 594
239 950 957
239 700 595
239 957 700
9 942 943
9 940 941
9 941 942
9 943 944
9 945 940
9 944 945
21 315 314
21 827 826
21 826 315
21 314 988
21 1014 827
21 988 1014
193 811 812
193 810 811
193 812 816
193 813 810
193 816 936
193 936 813
15 319 318
15 842 319
15 590 842
15 317 339
15 318 317
15 339 590
220 965 890
220 597 598
220 890 599
220 599 597
220 709 965
220 598 709
46 481 640
46 640 569
46 479 481
46 478 479
46 569 568
46 568 478
57 555 287
57 287 289
57 355 555
57 356 355
57 921 356
57 289 921
105 768 772
105 657 784
105 784 769
105 769 768
105 772 656
105 656 657
241 964 853
241 853 852
241 848 849
241 849 964
241 847 848
241 852 847
240 396 395
240 395 444
240 397 396
240 851 397
240 444 847
240 847 851
38 395 394
38 445 395
38 774 445
38 394 603
38 602 774
38 603 602
71 770 602
71 602 601
71 601 484
71 484 483
71 520 770
71 483 520
183 638 481
183 375 638
183 481 480
183 373 375
183 561 373
183 480 561
164 723 724
164 863 726
164 726 725
164 725 723
164 724 972
164 972 863
163 970 971
163 971 973
163 973 968
163 968 969
163 969 972
163 972 970
39 971 617
39 617 616
39 503 971
39 502 503
39 717 502
39 616 717
49 723 716
49 281 613
49 613 723
49 716 513
49 282 281
49 513 282
144 280 282
144 282 512
144 283 280
144 512 652
144 393 283
144 652 393
37 605 722
37 722 310
37 501 605
37 497 501
37 309 497
37 310 309
185 985 986
185 983 984
185 1015 983
185 986 1015
185 987 985
185 984 987
212 927 910
212 914 927
212 910 911
212 911 912
212 913 914
212 912 913
17 902 903
17 998 902
17 981 998
17 903 904
17 904 979
17 979 981
251 533 532
251 532 887
251 534 533
251 644 534
251 760 644
251 887 760
200 416 766
200 766 646
200 646 541
200 541 537
200 417 416
200 537 417
173 542 538
173 537 542
173 538 539
173 536 537
173 539 540
173 540 536
94 737 738
94 739 734
94 734 736
94 736 737
94 740 739
94 738 740
86 588 437
86 442 588
86 437 435
86 435 436
86 436 443
86 443 442
150 806 807
150 807 931
150 931 809
150 805 806
150 809 808
150 808 805
218 612 688
218 610 612
218 714 610
218 609 714
218 688 607
218 607 609
217 686 612
217 612 611
217 611 639
217 639 375
217 374 686
217 375 374
256 666 761
256 667 666
256 583 667
256 761 580
256 580 581
256 581 583
69 496 500
69 500 497
69 495 496
69 497 498
69 498 499
69 499 495
62 389 390
62 390 495
62 548 389
62 495 490
62 490 489
62 489 548
255 369 368
255 582 581
255 581 369
255 631 582
255 474 631
255 368 474
101 382 401
101 401 376
101 376 377
101 377 379
101 380 382
101 379 380
108 405 524
108 404 405
108 518 404
108 409 518
108 410 409
108 524 410
157 361 362
157 359 361
157 452 359
157 453 452
157 362 467
157 467 453
109 526 406
109 406 407
109 407 528
109 528 408
109 410 526
109 408 410
99 299 553
99 553 468
99 294 299
99 468 362
99 295 294
99 362 295
175 879 876
175 878 881
175 876 877
175 877 878
175 882 879
175 881 882
50 897 792
50 792 350
50 457 897
50 458 457
50 349 458
50 350 349
205 896 1024
205 909 791
205 976 909
205 1024 976
205 792 896
205 791 792
233 749 870
233 747 749
233 463 747
233 464 463
233 870 465
233 465 464
33 570 571
33 799 1002
33 1002 982
33 982 570
33 571 677
33 677 799
122 571 425
122 678 571
122 425 427
122 914 678
122 922 914
122 427 922
59 739 589
59 587 584
59 588 587
59 589 588
59 586 739
59 584 586
238 952 948
238 951 952
238 950 951
238 948 949
238 961 950
238 949 961
116 839 365
116 840 839
116 935 840
116 647 935
116 365 364
116 364 647
76 707 705
76 706 707
76 705 702
76 704 706
76 702 703
76 703 704
8 854 991
8 855 850
8 991 855
8 852 854
8 850 851
8 851 852
97 825 826
97 826 824
97 823 825
97 824 821
97 822 823
97 821 822
118 567 568
118 568 566
118 565 567
118 566 562
118 563 565
118 562 563
177 919 921
177 921 920
177 920 915
177 917 919
177 915 916
177 916 917
81 784 785
81 785 781
81 781 782
81 782 892
81 783 784
81 892 783
110 658 785
110 785 657
110 529 658
110 528 529
110 530 528
110 657 530
221 964 966
221 967 965
221 966 967
221 965 962
221 962 963
221 963 964
160 717 718
160 719 717
160 721 719
160 718 720
160 722 721
160 720 722
145 512 513
145 715 609
145 513 715
145 609 608
145 608 655
145 655 512
65 689 932
65 653 608
65 654 653
65 932 654
65 607 689
65 608 607
143 493 488
143 492 493
143 491 492
143 488 490
143 490 499
143 499 491
188 947 983
188 945 947
188 946 945
188 990 946
188 983 1020
188 1020 990
128 947 944
128 984 947
128 944 504
128 504 505
128 505 506
128 506 984
35 1015 1016
35 1017 1018
35 1016 1019
35 1019 1017
35 1020 1015
35 1018 1020
102 415 402
102 402 382
102 547 415
102 382 381
102 381 389
102 389 547
154 423 683
154 421 423
154 682 806
154 683 682
154 806 424
154 424 421
66 807 682
66 682 680
66 933 807
66 680 340
66 342 933
66 340 342
153 420 424
153 424 805
153 418 420
153 557 418
153 559 557
153 805 559
169 928 342
169 342 341
169 341 472
169 472 477
169 516 928
169 477 516
60 808 687
60 373 560
60 559 808
60 560 559
60 687 374
60 374 373
10 419 438
10 436 422
10 438 436
10 420 419
10 422 421
10 421 420
253 546 550
253 550 764
253 415 546
253 764 416
253 414 415
253 416 414
257 370 545
257 368 370
257 475 368
257 372 475
257 371 372
257 545 371
107 772 773
107 770 771
107 774 770
107 773 774
107 775 772
107 771 775
159 468 552
159 464 466
159 462 464
159 552 462
159 466 467
159 467 468
139 458 459
139 629 456
139 456 458
139 624 629
139 459 461
139 461 624
136 460 459
136 346 348
136 349 346
136 459 349
136 701 460
136 348 701
124 441 923
124 923 427
124 442 441
124 427 426
124 587 442
124 426 587
155 778 779
155 779 776
155 873 778
155 776 777
155 777 780
155 780 873
222 1014 1010
222 1009 1014
222 1010 1012
222 1008 1009
222 1012 1013
222 1013 1008
119 569 642
119 642 750
119 566 569
119 750 448
119 448 447
119 447 566
114 839 837
114 836 838
114 841 839
114 838 841
114 837 834
114 834 836
179 917 793
179 793 794
179 794 910
179 910 925
179 925 918
179 918 917
80 893 892
80 889 890
80 890 967
80 967 893
80 891 889
80 892 891
162 719 604
162 604 394
162 394 396
162 502 719
162 396 398
162 398 502
12 482 383
12 383 379
12 379 378
12 519 483
12 483 482
12 378 519
70 605 606
70 606 601
70 721 605
70 601 603
70 604 721
70 603 604
141 491 498
141 311 312
141 309 311
141 498 309
141 391 491
141 312 391
148 933 928
148 931 933
148 928 929
148 930 931
148 929 932
148 932 930
182 557 560
182 558 555
182 560 561
182 561 558
182 555 556
182 556 557
45 402 414
45 536 403
45 403 401
45 401 402
45 414 417
45 417 536
112 520 519
112 771 520
112 519 517
112 517 518
112 521 771
112 518 521
87 437 589
87 740 621
87 589 740
87 621 351
87 353 437
87 351 353
67 485 496
67 383 485
67 496 390
67 390 381
67 380 383
67 381 380
168 514 515
168 515 651
168 516 514
168 929 516
168 654 929
168 651 654
