258 
   0.0000000000    0.0000000000    1.0000000000 
   1.0000000000    0.0000000000    0.0000000000 
   0.0000000000    1.0000000000    0.0000000000 
  -1.0000000000    0.0000000000    0.0000000000 
   0.0000000000   -1.0000000000    0.0000000000 
   0.0000000000    0.0000000000   -1.0000000000 
   0.7071067812    0.0000000000    0.7071067812 
   0.7071067812    0.7071067812    0.0000000000 
   0.0000000000    0.7071067812    0.7071067812 
  -0.7071067812    0.7071067812    0.0000000000 
  -0.7071067812    0.0000000000    0.7071067812 
  -0.7071067812   -0.7071067812    0.0000000000 
   0.0000000000   -0.7071067812    0.7071067812 
   0.7071067812   -0.7071067812    0.0000000000 
   0.0000000000    0.7071067812   -0.7071067812 
   0.7071067812    0.0000000000   -0.7071067812 
  -0.7071067812    0.0000000000   -0.7071067812 
   0.0000000000   -0.7071067812   -0.7071067812 
   0.3826834324    0.0000000000    0.9238795325 
   0.4082482905    0.4082482905    0.8164965809 
   0.0000000000    0.3826834324    0.9238795325 
   0.9238795325    0.3826834324    0.0000000000 
   0.8164965809    0.4082482905    0.4082482905 
   0.9238795325    0.0000000000    0.3826834324 
   0.0000000000    0.9238795325    0.3826834324 
   0.4082482905    0.8164965809    0.4082482905 
   0.3826834324    0.9238795325    0.0000000000 
  -0.4082482905    0.4082482905    0.8164965809 
  -0.3826834324    0.0000000000    0.9238795325 
  -0.3826834324    0.9238795325    0.0000000000 
  -0.4082482905    0.8164965809    0.4082482905 
  -0.9238795325    0.0000000000    0.3826834324 
  -0.8164965809    0.4082482905    0.4082482905 
  -0.9238795325    0.3826834324    0.0000000000 
  -0.4082482905   -0.4082482905    0.8164965809 
   0.0000000000   -0.3826834324    0.9238795325 
  -0.9238795325   -0.3826834324    0.0000000000 
  -0.8164965809   -0.4082482905    0.4082482905 
   0.0000000000   -0.9238795325    0.3826834324 
  -0.4082482905   -0.8164965809    0.4082482905 
  -0.3826834324   -0.9238795325    0.0000000000 
   0.4082482905   -0.4082482905    0.8164965809 
   0.3826834324   -0.9238795325    0.0000000000 
   0.4082482905   -0.8164965809    0.4082482905 
   0.8164965809   -0.4082482905    0.4082482905 
   0.9238795325   -0.3826834324    0.0000000000 
   0.0000000000    0.3826834324   -0.9238795325 
   0.4082482905    0.4082482905   -0.8164965809 
   0.3826834324    0.0000000000   -0.9238795325 
   0.4082482905    0.8164965809   -0.4082482905 
   0.0000000000    0.9238795325   -0.3826834324 
   0.9238795325    0.0000000000   -0.3826834324 
   0.8164965809    0.4082482905   -0.4082482905 
  -0.3826834324    0.0000000000   -0.9238795325 
  -0.4082482905    0.4082482905   -0.8164965809 
  -0.8164965809    0.4082482905   -0.4082482905 
  -0.9238795325    0.0000000000   -0.3826834324 
  -0.4082482905    0.8164965809   -0.4082482905 
   0.0000000000   -0.3826834324   -0.9238795325 
  -0.4082482905   -0.4082482905   -0.8164965809 
  -0.4082482905   -0.8164965809   -0.4082482905 
   0.0000000000   -0.9238795325   -0.3826834324 
  -0.8164965809   -0.4082482905   -0.4082482905 
   0.4082482905   -0.4082482905   -0.8164965809 
   0.8164965809   -0.4082482905   -0.4082482905 
   0.4082482905   -0.8164965809   -0.4082482905 
   0.1950903220    0.0000000000    0.9807852804 
   0.1987568534    0.1987568534    0.9596829823 
   0.0000000000    0.1950903220    0.9807852804 
   0.5773502692    0.2113248654    0.7886751346 
   0.4046150446    0.2088465989    0.8903200345 
   0.5555702330    0.0000000000    0.8314696123 
   0.0000000000    0.5555702330    0.8314696123 
   0.2088465989    0.4046150446    0.8903200345 
   0.2113248654    0.5773502692    0.7886751346 
   0.9807852804    0.1950903220    0.0000000000 
   0.9596829823    0.1987568534    0.1987568534 
   0.9807852804    0.0000000000    0.1950903220 
   0.7886751346    0.5773502692    0.2113248654 
   0.8903200345    0.4046150446    0.2088465989 
   0.8314696123    0.5555702330    0.0000000000 
   0.8314696123    0.0000000000    0.5555702330 
   0.8903200345    0.2088465989    0.4046150446 
   0.7886751346    0.2113248654    0.5773502692 
   0.0000000000    0.9807852804    0.1950903220 
   0.1987568534    0.9596829823    0.1987568534 
   0.1950903220    0.9807852804    0.0000000000 
   0.2113248654    0.7886751346    0.5773502692 
   0.2088465989    0.8903200345    0.4046150446 
   0.0000000000    0.8314696123    0.5555702330 
   0.5555702330    0.8314696123    0.0000000000 
   0.4046150446    0.8903200345    0.2088465989 
   0.5773502692    0.7886751346    0.2113248654 
   0.6396021491    0.4264014327    0.6396021491 
   0.6396021491    0.6396021491    0.4264014327 
   0.4264014327    0.6396021491    0.6396021491 
  -0.1987568534    0.1987568534    0.9596829823 
  -0.1950903220    0.0000000000    0.9807852804 
  -0.2113248654    0.5773502692    0.7886751346 
  -0.2088465989    0.4046150446    0.8903200345 
  -0.5555702330    0.0000000000    0.8314696123 
  -0.4046150446    0.2088465989    0.8903200345 
  -0.5773502692    0.2113248654    0.7886751346 
  -0.1950903220    0.9807852804    0.0000000000 
  -0.1987568534    0.9596829823    0.1987568534 
  -0.5773502692    0.7886751346    0.2113248654 
  -0.4046150446    0.8903200345    0.2088465989 
  -0.5555702330    0.8314696123    0.0000000000 
  -0.2088465989    0.8903200345    0.4046150446 
  -0.2113248654    0.7886751346    0.5773502692 
  -0.9807852804    0.0000000000    0.1950903220 
  -0.9596829823    0.1987568534    0.1987568534 
  -0.9807852804    0.1950903220    0.0000000000 
  -0.7886751346    0.2113248654    0.5773502692 
  -0.8903200345    0.2088465989    0.4046150446 
  -0.8314696123    0.0000000000    0.5555702330 
  -0.8314696123    0.5555702330    0.0000000000 
  -0.8903200345    0.4046150446    0.2088465989 
  -0.7886751346    0.5773502692    0.2113248654 
  -0.4264014327    0.6396021491    0.6396021491 
  -0.6396021491    0.6396021491    0.4264014327 
  -0.6396021491    0.4264014327    0.6396021491 
  -0.1987568534   -0.1987568534    0.9596829823 
   0.0000000000   -0.1950903220    0.9807852804 
  -0.5773502692   -0.2113248654    0.7886751346 
  -0.4046150446   -0.2088465989    0.8903200345 
   0.0000000000   -0.5555702330    0.8314696123 
  -0.2088465989   -0.4046150446    0.8903200345 
  -0.2113248654   -0.5773502692    0.7886751346 
  -0.9807852804   -0.1950903220    0.0000000000 
  -0.9596829823   -0.1987568534    0.1987568534 
  -0.7886751346   -0.5773502692    0.2113248654 
  -0.8903200345   -0.4046150446    0.2088465989 
  -0.8314696123   -0.5555702330    0.0000000000 
  -0.8903200345   -0.2088465989    0.4046150446 
  -0.7886751346   -0.2113248654    0.5773502692 
   0.0000000000   -0.9807852804    0.1950903220 
  -0.1987568534   -0.9596829823    0.1987568534 
  -0.1950903220   -0.9807852804    0.0000000000 
  -0.2113248654   -0.7886751346    0.5773502692 
  -0.2088465989   -0.8903200345    0.4046150446 
   0.0000000000   -0.8314696123    0.5555702330 
  -0.5555702330   -0.8314696123    0.0000000000 
  -0.4046150446   -0.8903200345    0.2088465989 
  -0.5773502692   -0.7886751346    0.2113248654 
  -0.6396021491   -0.4264014327    0.6396021491 
  -0.6396021491   -0.6396021491    0.4264014327 
  -0.4264014327   -0.6396021491    0.6396021491 
   0.1987568534   -0.1987568534    0.9596829823 
   0.2113248654   -0.5773502692    0.7886751346 
   0.2088465989   -0.4046150446    0.8903200345 
   0.4046150446   -0.2088465989    0.8903200345 
   0.5773502692   -0.2113248654    0.7886751346 
   0.1950903220   -0.9807852804    0.0000000000 
   0.1987568534   -0.9596829823    0.1987568534 
   0.5773502692   -0.7886751346    0.2113248654 
   0.4046150446   -0.8903200345    0.2088465989 
   0.5555702330   -0.8314696123    0.0000000000 
   0.2088465989   -0.8903200345    0.4046150446 
   0.2113248654   -0.7886751346    0.5773502692 
   0.9596829823   -0.1987568534    0.1987568534 
   0.9807852804   -0.1950903220    0.0000000000 
   0.7886751346   -0.2113248654    0.5773502692 
   0.8903200345   -0.2088465989    0.4046150446 
   0.8314696123   -0.5555702330    0.0000000000 
   0.8903200345   -0.4046150446    0.2088465989 
   0.7886751346   -0.5773502692    0.2113248654 
   0.4264014327   -0.6396021491    0.6396021491 
   0.6396021491   -0.6396021491    0.4264014327 
   0.6396021491   -0.4264014327    0.6396021491 
   0.0000000000    0.1950903220   -0.9807852804 
   0.1987568534    0.1987568534   -0.9596829823 
   0.1950903220    0.0000000000   -0.9807852804 
   0.2113248654    0.5773502692   -0.7886751346 
   0.2088465989    0.4046150446   -0.8903200345 
   0.0000000000    0.5555702330   -0.8314696123 
   0.5555702330    0.0000000000   -0.8314696123 
   0.4046150446    0.2088465989   -0.8903200345 
   0.5773502692    0.2113248654   -0.7886751346 
   0.1987568534    0.9596829823   -0.1987568534 
   0.0000000000    0.9807852804   -0.1950903220 
   0.5773502692    0.7886751346   -0.2113248654 
   0.4046150446    0.8903200345   -0.2088465989 
   0.0000000000    0.8314696123   -0.5555702330 
   0.2088465989    0.8903200345   -0.4046150446 
   0.2113248654    0.7886751346   -0.5773502692 
   0.9807852804    0.0000000000   -0.1950903220 
   0.9596829823    0.1987568534   -0.1987568534 
   0.7886751346    0.2113248654   -0.5773502692 
   0.8903200345    0.2088465989   -0.4046150446 
   0.8314696123    0.0000000000   -0.5555702330 
   0.8903200345    0.4046150446   -0.2088465989 
   0.7886751346    0.5773502692   -0.2113248654 
   0.4264014327    0.6396021491   -0.6396021491 
   0.6396021491    0.6396021491   -0.4264014327 
   0.6396021491    0.4264014327   -0.6396021491 
  -0.1950903220    0.0000000000   -0.9807852804 
  -0.1987568534    0.1987568534   -0.9596829823 
  -0.5773502692    0.2113248654   -0.7886751346 
  -0.4046150446    0.2088465989   -0.8903200345 
  -0.5555702330    0.0000000000   -0.8314696123 
  -0.2088465989    0.4046150446   -0.8903200345 
  -0.2113248654    0.5773502692   -0.7886751346 
  -0.9596829823    0.1987568534   -0.1987568534 
  -0.9807852804    0.0000000000   -0.1950903220 
  -0.7886751346    0.5773502692   -0.2113248654 
  -0.8903200345    0.4046150446   -0.2088465989 
  -0.8314696123    0.0000000000   -0.5555702330 
  -0.8903200345    0.2088465989   -0.4046150446 
  -0.7886751346    0.2113248654   -0.5773502692 
  -0.1987568534    0.9596829823   -0.1987568534 
  -0.2113248654    0.7886751346   -0.5773502692 
  -0.2088465989    0.8903200345   -0.4046150446 
  -0.4046150446    0.8903200345   -0.2088465989 
  -0.5773502692    0.7886751346   -0.2113248654 
  -0.6396021491    0.4264014327   -0.6396021491 
  -0.6396021491    0.6396021491   -0.4264014327 
  -0.4264014327    0.6396021491   -0.6396021491 
   0.0000000000   -0.1950903220   -0.9807852804 
  -0.1987568534   -0.1987568534   -0.9596829823 
  -0.2113248654   -0.5773502692   -0.7886751346 
  -0.2088465989   -0.4046150446   -0.8903200345 
   0.0000000000   -0.5555702330   -0.8314696123 
  -0.4046150446   -0.2088465989   -0.8903200345 
  -0.5773502692   -0.2113248654   -0.7886751346 
  -0.1987568534   -0.9596829823   -0.1987568534 
   0.0000000000   -0.9807852804   -0.1950903220 
  -0.5773502692   -0.7886751346   -0.2113248654 
  -0.4046150446   -0.8903200345   -0.2088465989 
   0.0000000000   -0.8314696123   -0.5555702330 
  -0.2088465989   -0.8903200345   -0.4046150446 
  -0.2113248654   -0.7886751346   -0.5773502692 
  -0.9596829823   -0.1987568534   -0.1987568534 
  -0.7886751346   -0.2113248654   -0.5773502692 
  -0.8903200345   -0.2088465989   -0.4046150446 
  -0.8903200345   -0.4046150446   -0.2088465989 
  -0.7886751346   -0.5773502692   -0.2113248654 
  -0.4264014327   -0.6396021491   -0.6396021491 
  -0.6396021491   -0.6396021491   -0.4264014327 
  -0.6396021491   -0.4264014327   -0.6396021491 
   0.1987568534   -0.1987568534   -0.9596829823 
   0.5773502692   -0.2113248654   -0.7886751346 
   0.4046150446   -0.2088465989   -0.8903200345 
   0.2088465989   -0.4046150446   -0.8903200345 
   0.2113248654   -0.5773502692   -0.7886751346 
   0.9596829823   -0.1987568534   -0.1987568534 
   0.7886751346   -0.5773502692   -0.2113248654 
   0.8903200345   -0.4046150446   -0.2088465989 
   0.8903200345   -0.2088465989   -0.4046150446 
   0.7886751346   -0.2113248654   -0.5773502692 
   0.1987568534   -0.9596829823   -0.1987568534 
   0.2113248654   -0.7886751346   -0.5773502692 
   0.2088465989   -0.8903200345   -0.4046150446 
   0.4046150446   -0.8903200345   -0.2088465989 
   0.5773502692   -0.7886751346   -0.2113248654 
   0.6396021491   -0.4264014327   -0.6396021491 
   0.6396021491   -0.6396021491   -0.4264014327 
   0.4264014327   -0.6396021491   -0.6396021491 
512 
1 67 69 
19 68 67 
21 69 68 
67 68 69 
7 70 72 
20 71 70 
19 72 71 
70 71 72 
9 73 75 
21 74 73 
20 75 74 
73 74 75 
19 71 68 
20 74 71 
21 68 74 
71 74 68 
2 76 78 
22 77 76 
24 78 77 
76 77 78 
8 79 81 
23 80 79 
22 81 80 
79 80 81 
7 82 84 
24 83 82 
23 84 83 
82 83 84 
22 80 77 
23 83 80 
24 77 83 
80 83 77 
3 85 87 
25 86 85 
27 87 86 
85 86 87 
9 88 90 
26 89 88 
25 90 89 
88 89 90 
8 91 93 
27 92 91 
26 93 92 
91 92 93 
25 89 86 
26 92 89 
27 86 92 
89 92 86 
7 84 70 
23 94 84 
20 70 94 
84 94 70 
8 93 79 
26 95 93 
23 79 95 
93 95 79 
9 75 88 
20 96 75 
26 88 96 
75 96 88 
23 95 94 
26 96 95 
20 94 96 
95 96 94 
1 69 98 
21 97 69 
29 98 97 
69 97 98 
9 99 73 
28 100 99 
21 73 100 
99 100 73 
11 101 103 
29 102 101 
28 103 102 
101 102 103 
21 100 97 
28 102 100 
29 97 102 
100 102 97 
3 104 85 
30 105 104 
25 85 105 
104 105 85 
10 106 108 
31 107 106 
30 108 107 
106 107 108 
9 90 110 
25 109 90 
31 110 109 
90 109 110 
30 107 105 
31 109 107 
25 105 109 
107 109 105 
4 111 113 
32 112 111 
34 113 112 
111 112 113 
11 114 116 
33 115 114 
32 116 115 
114 115 116 
10 117 119 
34 118 117 
33 119 118 
117 118 119 
32 115 112 
33 118 115 
34 112 118 
115 118 112 
9 110 99 
31 120 110 
28 99 120 
110 120 99 
10 119 106 
33 121 119 
31 106 121 
119 121 106 
11 103 114 
28 122 103 
33 114 122 
103 122 114 
31 121 120 
33 122 121 
28 120 122 
121 122 120 
1 98 124 
29 123 98 
36 124 123 
98 123 124 
11 125 101 
35 126 125 
29 101 126 
125 126 101 
13 127 129 
36 128 127 
35 129 128 
127 128 129 
29 126 123 
35 128 126 
36 123 128 
126 128 123 
4 130 111 
37 131 130 
32 111 131 
130 131 111 
12 132 134 
38 133 132 
37 134 133 
132 133 134 
11 116 136 
32 135 116 
38 136 135 
116 135 136 
37 133 131 
38 135 133 
32 131 135 
133 135 131 
5 137 139 
39 138 137 
41 139 138 
137 138 139 
13 140 142 
40 141 140 
39 142 141 
140 141 142 
12 143 145 
41 144 143 
40 145 144 
143 144 145 
39 141 138 
40 144 141 
41 138 144 
141 144 138 
11 136 125 
38 146 136 
35 125 146 
136 146 125 
12 145 132 
40 147 145 
38 132 147 
145 147 132 
13 129 140 
35 148 129 
40 140 148 
129 148 140 
38 147 146 
40 148 147 
35 146 148 
147 148 146 
1 124 67 
36 149 124 
19 67 149 
124 149 67 
13 150 127 
42 151 150 
36 127 151 
150 151 127 
7 72 153 
19 152 72 
42 153 152 
72 152 153 
36 151 149 
42 152 151 
19 149 152 
151 152 149 
5 154 137 
43 155 154 
39 137 155 
154 155 137 
14 156 158 
44 157 156 
43 158 157 
156 157 158 
13 142 160 
39 159 142 
44 160 159 
142 159 160 
43 157 155 
44 159 157 
39 155 159 
157 159 155 
2 78 162 
24 161 78 
46 162 161 
78 161 162 
7 163 82 
45 164 163 
24 82 164 
163 164 82 
14 165 167 
46 166 165 
45 167 166 
165 166 167 
24 164 161 
45 166 164 
46 161 166 
164 166 161 
13 160 150 
44 168 160 
42 150 168 
160 168 150 
14 167 156 
45 169 167 
44 156 169 
167 169 156 
7 153 163 
42 170 153 
45 163 170 
153 170 163 
44 169 168 
45 170 169 
42 168 170 
169 170 168 
6 171 173 
47 172 171 
49 173 172 
171 172 173 
15 174 176 
48 175 174 
47 176 175 
174 175 176 
16 177 179 
49 178 177 
48 179 178 
177 178 179 
47 175 172 
48 178 175 
49 172 178 
175 178 172 
3 87 181 
27 180 87 
51 181 180 
87 180 181 
8 182 91 
50 183 182 
27 91 183 
182 183 91 
15 184 186 
51 185 184 
50 186 185 
184 185 186 
27 183 180 
50 185 183 
51 180 185 
183 185 180 
2 187 76 
52 188 187 
22 76 188 
187 188 76 
16 189 191 
53 190 189 
52 191 190 
189 190 191 
8 81 193 
22 192 81 
53 193 192 
81 192 193 
52 190 188 
53 192 190 
22 188 192 
190 192 188 
15 186 174 
50 194 186 
48 174 194 
186 194 174 
8 193 182 
53 195 193 
50 182 195 
193 195 182 
16 179 189 
48 196 179 
53 189 196 
179 196 189 
50 195 194 
53 196 195 
48 194 196 
195 196 194 
6 197 171 
54 198 197 
47 171 198 
197 198 171 
17 199 201 
55 200 199 
54 201 200 
199 200 201 
15 176 203 
47 202 176 
55 203 202 
176 202 203 
54 200 198 
55 202 200 
47 198 202 
200 202 198 
4 113 205 
34 204 113 
57 205 204 
113 204 205 
10 206 117 
56 207 206 
34 117 207 
206 207 117 
17 208 210 
57 209 208 
56 210 209 
208 209 210 
34 207 204 
56 209 207 
57 204 209 
207 209 204 
3 181 104 
51 211 181 
30 104 211 
181 211 104 
15 212 184 
58 213 212 
51 184 213 
212 213 184 
10 108 215 
30 214 108 
58 215 214 
108 214 215 
51 213 211 
58 214 213 
30 211 214 
213 214 211 
17 210 199 
56 216 210 
55 199 216 
210 216 199 
10 215 206 
58 217 215 
56 206 217 
215 217 206 
15 203 212 
55 218 203 
58 212 218 
203 218 212 
56 217 216 
58 218 217 
55 216 218 
217 218 216 
6 219 197 
59 220 219 
54 197 220 
219 220 197 
18 221 223 
60 222 221 
59 223 222 
221 222 223 
17 201 225 
54 224 201 
60 225 224 
201 224 225 
59 222 220 
60 224 222 
54 220 224 
222 224 220 
5 139 227 
41 226 139 
62 227 226 
139 226 227 
12 228 143 
61 229 228 
41 143 229 
228 229 143 
18 230 232 
62 231 230 
61 232 231 
230 231 232 
41 229 226 
61 231 229 
62 226 231 
229 231 226 
4 205 130 
57 233 205 
37 130 233 
205 233 130 
17 234 208 
63 235 234 
57 208 235 
234 235 208 
12 134 237 
37 236 134 
63 237 236 
134 236 237 
57 235 233 
63 236 235 
37 233 236 
235 236 233 
18 232 221 
61 238 232 
60 221 238 
232 238 221 
12 237 228 
63 239 237 
61 228 239 
237 239 228 
17 225 234 
60 240 225 
63 234 240 
225 240 234 
61 239 238 
63 240 239 
60 238 240 
239 240 238 
6 173 219 
49 241 173 
59 219 241 
173 241 219 
16 242 177 
64 243 242 
49 177 243 
242 243 177 
18 223 245 
59 244 223 
64 245 244 
223 244 245 
49 243 241 
64 244 243 
59 241 244 
243 244 241 
2 162 187 
46 246 162 
52 187 246 
162 246 187 
14 247 165 
65 248 247 
46 165 248 
247 248 165 
16 191 250 
52 249 191 
65 250 249 
191 249 250 
46 248 246 
65 249 248 
52 246 249 
248 249 246 
5 227 154 
62 251 227 
43 154 251 
227 251 154 
18 252 230 
66 253 252 
62 230 253 
252 253 230 
14 158 255 
43 254 158 
66 255 254 
158 254 255 
62 253 251 
66 254 253 
43 251 254 
253 254 251 
16 250 242 
65 256 250 
64 242 256 
250 256 242 
14 255 247 
66 257 255 
65 247 257 
255 257 247 
18 245 252 
64 258 245 
66 252 258 
245 258 252 
65 257 256 
66 258 257 
64 256 258 
257 258 256 
