1793
0.5 0.375
0.3125 0.625
0.6875 0.208333
0.21875 0.458333
0.59375 0.708333
0.40625 0.291667
0.78125 0.541667
0.171875 0.791667
0.546875 0.152778
0.359375 0.402778
0.734375 0.652778
0.265625 0.236111
0.640625 0.486111
0.453125 0.736111
0.828125 0.319444
0.148438 0.569444
0.523438 0.819444
0.335938 0.180556
0.710938 0.430556
0.242188 0.680556
0.25 0
1 0.25
0.75 1
0 0.75
0.5 0
1 0.5
0.5 1
0 0.5
0.75 0
1 0.75
0.25 1
0 0.25
1 0
1 1
0 1
0 0
0.523438 0.263889
0.59375 0.291666
0.605469 0.402778
0.570312 0.430555
0.40625 0.5
0.429688 0.388889
0.453125 0.333334
0.230469 0.597222
0.265625 0.541667
0.335938 0.513889
0.476562 0.555555
0.382812 0.680555
0.277344 0.652778
0.699219 0.319445
0.617188 0.180555
0.71875 0.104166
0.757812 0.263888
0.109375 0.354166
0.242188 0.347222
0.289062 0.430555
0.183594 0.513888
0.109375 0.479166
0.671875 0.854167
0.558594 0.763888
0.523438 0.722222
0.617188 0.597222
0.664062 0.680555
0.476562 0.222222
0.382812 0.347222
0.335938 0.263889
0.371094 0.236112
0.890625 0.645833
0.757812 0.597222
0.710938 0.513889
0.746094 0.486112
0.804688 0.430555
0.890625 0.520833
0.210938 0.895833
0.0859375 0.895833
0.0859375 0.770833
0.160156 0.680555
0.207031 0.736112
0.3125 0.763889
0.441407 0.166667
0.523438 0.076389
0.648438 0.076389
0.3125 0.319445
0.742188 0.826389
0.6875 0.569445
0.867188 0.701389
0.132812 0.243055
0.257812 0.118055
0.300782 0.208334
0.546875 0.611111
0.675782 0.458334
0.351562 0.868055
0.347656 0.708333
0.488281 0.777778
0.914062 0.284722
0.914062 0.409722
0.769532 0.375
0.789062 0.159722
0.074219 0.659722
0.074219 0.534722
0.195313 0.625
0.636719 0.909722
0.511719 0.909722
0.386719 0.909722
0.292969 0.090278
0.417969 0.090278
0.375 0
0.125 0.125
0.125 0
1 0.375
0.875 0.125
1 0.125
0.625 1
0.875 0.875
0.875 1
0 0.625
0 0.875
0.625 0
1 0.625
0.375 1
0 0.375
0.875 0
1 0.875
0.125 1
0 0.125
0.511719 0.319445
0.546875 0.333333
0.552735 0.388889
0.535156 0.402778
0.453125 0.4375
0.464844 0.381945
0.476562 0.354167
0.271485 0.611111
0.289062 0.583333
0.324219 0.569445
0.359375 0.5625
0.394531 0.590278
0.347656 0.652778
0.294922 0.638889
0.640625 0.249999
0.652344 0.194444
0.703125 0.156249
0.722656 0.236111
0.69336 0.263889
0.164062 0.468749
0.164062 0.406249
0.230469 0.402778
0.253906 0.444444
0.242188 0.5
0.201172 0.486111
0.632812 0.78125
0.576172 0.736111
0.558594 0.715278
0.605469 0.652778
0.628906 0.694444
0.441406 0.256945
0.429688 0.312501
0.394531 0.319445
0.371094 0.277778
0.388672 0.263889
0.835938 0.53125
0.835938 0.59375
0.769531 0.569445
0.746094 0.527778
0.763672 0.513889
0.792969 0.486111
0.128906 0.84375
0.128906 0.78125
0.166015 0.736111
0.189453 0.763889
0.242188 0.777778
0.191406 0.84375
0.582032 0.166666
0.535157 0.208334
0.511718 0.1875
0.494141 0.159722
0.535157 0.114584
0.597657 0.114584
0.324218 0.416667
0.335938 0.361112
0.371093 0.375
0.394532 0.395834
0.347657 0.458334
0.738282 0.739583
0.699218 0.666667
0.710938 0.611112
0.746093 0.625
0.800782 0.677083
0.199219 0.239583
0.261718 0.177083
0.283203 0.222222
0.300782 0.25
0.289062 0.277778
0.253906 0.291666
0.664062 0.527778
0.628907 0.541667
0.59375 0.548611
0.558593 0.520833
0.605468 0.458333
0.658203 0.472222
0.675782 0.5
0.470703 0.756944
0.402343 0.802083
0.382812 0.75
0.40039 0.722222
0.417968 0.708333
0.5 0.673611
0.488281 0.729167
0.871093 0.302083
0.871093 0.364583
0.816407 0.375
0.798828 0.347222
0.792968 0.291666
0.808593 0.239583
0.111328 0.552083
0.166016 0.541666
0.189453 0.583333
0.171875 0.597222
0.154297 0.624999
0.111328 0.614583
0.580078 0.864583
0.517578 0.864583
0.455078 0.864583
0.50586 0.798611
0.541016 0.791666
0.376953 0.135417
0.388672 0.173612
0.353516 0.208334
0.31836 0.194445
0.314453 0.135417
0.658203 0.416667
0.705078 0.375
0.740235 0.402778
0.728516 0.458334
0.69336 0.444445
0.224609 0.708334
0.21875 0.652778
0.259766 0.666667
0.294922 0.694445
0.3125 0
0.271485 0.045139
0.253906 0.0590275
0.1875 0.0625
0.1875 0
1 0.3125
0.957031 0.267361
0.9375 0.1875
1 0.1875
0.6875 1
0.69336 0.954861
0.710938 0.927083
0.746094 0.913195
0.8125 0.9375
0.8125 1
0 0.6875
0.0371095 0.704861
0.0429688 0.760417
0 0.8125
0.5625 0
0.511719 0.0381945
0.458985 0.045139
0.4375 0
1 0.5625
0.945312 0.510417
0.957031 0.454861
1 0.4375
0.4375 1
0.50586 0.954861
0.5625 1
0 0.4375
0.0546875 0.489583
0.0371095 0.517361
0 0.5625
0.8125 0
0.8125 0.0625
0.769531 0.079861
0.734375 0.052083
0.699219 0.0381945
0.6875 0
1 0.8125
0.9375 0.8125
0.933594 0.725695
0.945312 0.697917
1 0.6875
0.1875 1
0.230469 0.947917
0.300781 0.934028
0.31836 0.954861
0.3125 1
0 0.1875
0.0625 0.1875
0.066406 0.246528
0.0546875 0.302083
0 0.3125
1 0.0625
0.9375 0
0.9375 1
1 0.9375
0 0.9375
0.0429688 0.947917
0.0625 1
0.0625 0
0 0.0625
0.558594 0.277778
0.488281 0.298612
0.5 0.243055
0.570313 0.222222
0.605469 0.236111
0.646485 0.305555
0.59961 0.347222
0.652344 0.361112
0.640626 0.430556
0.587891 0.416667
0.623047 0.444445
0.523437 0.493055
0.488281 0.465278
0.417969 0.444445
0.441406 0.527778
0.371094 0.506945
0.441407 0.361112
0.382813 0.451389
0.40625 0.368055
0.417968 0.340278
0.464843 0.277778
0.207032 0.555555
0.248047 0.569445
0.253906 0.625
0.212891 0.611111
0.22461 0.527778
0.277343 0.486111
0.300782 0.527778
0.3125 0.472222
0.511718 0.583333
0.429687 0.618055
0.330078 0.666667
0.464843 0.645833
0.365234 0.694444
0.236328 0.638889
0.3125 0.680555
0.728516 0.291666
0.734376 0.347222
0.632813 0.128472
0.667969 0.142361
0.683594 0.0902775
0.753906 0.131944
0.738281 0.184027
0.773437 0.211805
0.763672 0.319444
0.109375 0.416666
0.0546875 0.364583
0.121094 0.298611
0.175781 0.350694
0.1875 0.295138
0.277344 0.333333
0.265625 0.388888
0.300781 0.375
0.128907 0.524305
0.146485 0.496527
0.091797 0.506944
0.0546875 0.427083
0.654297 0.881945
0.615235 0.809028
0.667968 0.767361
0.707032 0.840278
0.597657 0.836805
0.523438 0.770833
0.541016 0.743055
0.50586 0.75
0.535157 0.666667
0.570313 0.659722
0.652344 0.583333
0.640625 0.638888
0.582032 0.604167
0.675781 0.625
0.703125 0.753472
0.423828 0.229167
0.458985 0.194445
0.347656 0.333333
0.359375 0.305555
0.353516 0.25
0.324219 0.291667
0.31836 0.236111
0.335938 0.222223
0.40625 0.201389
0.890625 0.583333
0.945312 0.635417
0.878907 0.673611
0.824218 0.621528
0.8125 0.649306
0.722656 0.583333
0.734375 0.555556
0.699219 0.541667
0.69336 0.486112
0.728516 0.500001
0.710938 0.472223
0.757813 0.430556
0.775391 0.458334
0.859375 0.420138
0.847657 0.475694
0.78711 0.402778
0.902343 0.465278
0.945312 0.572917
0.167969 0.947917
0.148438 0.895833
0.261719 0.829861
0.28125 0.881944
0.0859375 0.833333
0.105469 0.947917
0.0429688 0.885417
0.0429688 0.822917
0.0800782 0.715278
0.123047 0.725694
0.117188 0.670138
0.177734 0.652778
0.183593 0.708333
0.201172 0.680556
0.277344 0.722222
0.259765 0.750001
0.330078 0.736111
0.332031 0.815972
0.429688 0.128472
0.482422 0.121528
0.585938 0.076389
0.470703 0.0833335
0.574219 0.0381945
0.636719 0.0381945
0.804688 0.763889
0.808594 0.850695
0.871094 0.788195
0.195312 0.180555
0.128906 0.184028
0.191406 0.121527
0.27539 0.104166
0.279297 0.163194
0.296875 0.149306
0.419922 0.822917
0.36914 0.888888
0.4375 0.84375
0.957031 0.329861
0.914062 0.347222
0.851562 0.222222
0.894531 0.204861
0.957031 0.392361
0.832031 0.142361
0.0371095 0.642361
0.074219 0.597222
0.0371095 0.579861
0.574219 0.909722
0.63086 0.954861
0.56836 0.954861
0.44336 0.954861
0.449219 0.909722
0.38086 0.954861
0.333985 0.045139
0.355469 0.090278
0.396485 0.045139
0.0625 0.125
0.125 0.0625
0.0625 0.0625
0.875 0.0625
0.9375 0.125
0.9375 0.0625
0.9375 0.875
0.875 0.9375
0.9375 0.9375
0.50586 0.347222
0.523438 0.354166
0.526367 0.381945
0.517578 0.388889
0.476562 0.40625
0.482422 0.378472
0.488281 0.364584
0.291992 0.618055
0.300781 0.604167
0.31836 0.597222
0.335938 0.59375
0.353515 0.607639
0.330078 0.638889
0.303711 0.631945
0.664062 0.229166
0.669922 0.201388
0.695312 0.182291
0.705078 0.222222
0.69043 0.236111
0.191406 0.463541
0.191406 0.432291
0.22461 0.430555
0.236328 0.451388
0.230469 0.479166
0.209961 0.472222
0.613281 0.744792
0.584961 0.722222
0.576172 0.711805
0.59961 0.680555
0.611328 0.701388
0.423828 0.274306
0.417969 0.302084
0.40039 0.305556
0.388672 0.284722
0.397461 0.277778
0.808594 0.536458
0.808594 0.567708
0.77539 0.555556
0.763672 0.534722
0.772461 0.527778
0.78711 0.513889
0.15039 0.817708
0.15039 0.786458
0.168945 0.763889
0.180664 0.777778
0.207031 0.784722
0.18164 0.817708
0.564453 0.159722
0.541016 0.180556
0.529297 0.170139
0.520508 0.15625
0.541016 0.133681
0.572266 0.133681
0.341797 0.409722
0.347657 0.381945
0.365234 0.388889
0.376953 0.399306
0.353516 0.430556
0.736328 0.69618
0.716797 0.659722
0.722657 0.631945
0.740234 0.638889
0.767578 0.66493
0.232422 0.237847
0.263672 0.206597
0.274414 0.229166
0.283203 0.243055
0.277343 0.256945
0.259765 0.263888
0.652343 0.506945
0.634766 0.513889
0.617188 0.517361
0.599609 0.503472
0.623047 0.472222
0.649414 0.479166
0.658203 0.493055
0.461914 0.746528
0.427734 0.769097
0.417968 0.743055
0.426758 0.729167
0.435547 0.722222
0.476562 0.704861
0.470703 0.732639
0.849609 0.310763
0.849609 0.342013
0.822266 0.347222
0.813476 0.333333
0.810547 0.305555
0.818359 0.279513
0.129883 0.560763
0.157227 0.555555
0.168945 0.576388
0.160156 0.583333
0.151367 0.597221
0.129883 0.592013
0.551758 0.842013
0.520508 0.842013
0.489258 0.842013
0.514649 0.809028
0.532227 0.805555
0.356445 0.157987
0.362305 0.177084
0.344727 0.194445
0.327149 0.187501
0.325195 0.157987
0.68457 0.423612
0.708008 0.402778
0.725586 0.416667
0.719727 0.444445
0.702149 0.4375
0.233399 0.694445
0.230469 0.666667
0.250977 0.673612
0.268555 0.687501
0.28125 0
0.260742 0.0225695
0.251953 0.0295137
0.21875 0.03125
0.21875 0
1 0.28125
0.978515 0.25868
0.96875 0.21875
1 0.21875
0.71875 1
0.72168 0.97743
0.730469 0.963542
0.748047 0.956597
0.78125 0.96875
0.78125 1
0 0.71875
0.0185547 0.72743
0.0214844 0.755208
0 0.78125
0.53125 0
0.50586 0.0190972
0.479492 0.0225695
0.46875 0
1 0.53125
0.972656 0.505208
0.978515 0.47743
1 0.46875
0.46875 1
0.50293 0.97743
0.53125 1
0 0.46875
0.0273438 0.494791
0.0185547 0.50868
0 0.53125
0.78125 0
0.78125 0.03125
0.759765 0.0399305
0.742188 0.0260415
0.72461 0.0190972
0.71875 0
1 0.78125
0.96875 0.78125
0.966797 0.737847
0.972656 0.723958
1 0.71875
0.21875 1
0.240235 0.973958
0.27539 0.967014
0.28418 0.97743
0.28125 1
0 0.21875
0.03125 0.21875
0.033203 0.248264
0.0273438 0.276041
0 0.28125
1 0.03125
0.96875 0
0.96875 1
1 0.96875
0 0.96875
0.0214844 0.973958
0.03125 1
0.03125 0
0 0.03125
0.529297 0.236111
0.546875 0.243055
0.541016 0.270834
0.517578 0.291667
0.50586 0.28125
0.511719 0.253472
0.59961 0.263888
0.617188 0.270832
0.620117 0.298611
0.59668 0.319444
0.570312 0.312499
0.576172 0.284722
0.628907 0.381945
0.631836 0.409722
0.623047 0.416667
0.59668 0.409722
0.579102 0.395834
0.60254 0.375
0.59668 0.4375
0.58789 0.444444
0.546875 0.461805
0.529297 0.447917
0.552734 0.416667
0.579102 0.423611
0.382812 0.53125
0.388672 0.503472
0.41211 0.472222
0.429688 0.46875
0.447265 0.482639
0.423828 0.513889
0.41211 0.392362
0.417969 0.378472
0.435547 0.375
0.447266 0.385417
0.423828 0.416667
0.406251 0.420139
0.441407 0.322917
0.458984 0.305556
0.470703 0.315973
0.464843 0.343751
0.447266 0.347223
0.435547 0.336806
0.239258 0.583333
0.250977 0.604167
0.242188 0.611111
0.22168 0.604167
0.209961 0.590278
0.218751 0.576388
0.277343 0.5625
0.256836 0.555556
0.245117 0.534722
0.253906 0.520833
0.271484 0.513889
0.283203 0.534722
0.324219 0.493055
0.341797 0.486112
0.359376 0.482639
0.353516 0.510417
0.330078 0.541667
0.31836 0.520833
0.5 0.524305
0.517578 0.538194
0.49414 0.569444
0.453124 0.586805
0.435547 0.572917
0.458984 0.541667
0.356445 0.673611
0.365234 0.666667
0.406249 0.649305
0.423828 0.663194
0.40039 0.694444
0.374023 0.687499
0.265625 0.638889
0.286133 0.645833
0.303711 0.659722
0.294922 0.666667
0.268555 0.659722
0.256836 0.645833
0.672852 0.3125
0.69629 0.291667
0.713868 0.305555
0.716797 0.333333
0.702149 0.347222
0.675782 0.340278
0.59375 0.201388
0.59961 0.173611
0.625 0.154513
0.642578 0.161458
0.634766 0.187499
0.611328 0.208333
0.701172 0.0972217
0.726562 0.0781245
0.736328 0.118055
0.728515 0.144096
0.710938 0.130208
0.69336 0.123263
0.77539 0.277777
0.760742 0.291666
0.743164 0.277777
0.740234 0.249999
0.748047 0.223958
0.765625 0.237847
0.0820312 0.359374
0.0820312 0.328124
0.115234 0.326388
0.142578 0.35243
0.136719 0.380208
0.109375 0.385416
0.236328 0.375
0.208984 0.348958
0.214844 0.32118
0.248047 0.319444
0.259766 0.340278
0.253906 0.368055
0.294922 0.402778
0.30664 0.423611
0.300781 0.451388
0.283203 0.458333
0.271484 0.4375
0.277343 0.409722
0.16504 0.505208
0.192383 0.5
0.204102 0.520833
0.195313 0.534722
0.174805 0.527777
0.156251 0.519097
0.109375 0.447916
0.136719 0.473958
0.12793 0.487846
0.100586 0.493055
0.0820312 0.484374
0.0820312 0.453124
0.643555 0.831597
0.652343 0.817708
0.669922 0.810764
0.689453 0.847222
0.691407 0.890625
0.663086 0.868056
0.567383 0.749999
0.586915 0.786458
0.578126 0.800347
0.549805 0.777777
0.541016 0.767361
0.549805 0.753472
0.514649 0.736111
0.50586 0.725695
0.529297 0.694445
0.546875 0.690972
0.541016 0.71875
0.532227 0.732638
0.628907 0.618055
0.611328 0.625
0.59375 0.628472
0.59961 0.600695
0.623047 0.569445
0.634766 0.590278
0.666015 0.723958
0.646484 0.687499
0.652343 0.659722
0.669922 0.652778
0.68164 0.673611
0.683593 0.717013
0.470703 0.25
0.458984 0.239584
0.450195 0.225695
0.467773 0.208334
0.49414 0.204861
0.488281 0.232638
0.371093 0.326388
0.388672 0.333333
0.40039 0.34375
0.394531 0.357638
0.376953 0.361111
0.365234 0.340278
0.344727 0.256945
0.353516 0.270834
0.347657 0.284722
0.330078 0.277778
0.31836 0.256945
0.327149 0.25
0.353516 0.229167
0.362305 0.222223
0.388672 0.218751
0.397461 0.232639
0.379883 0.25
0.362305 0.243056
0.917968 0.640625
0.917968 0.671875
0.884766 0.659722
0.857422 0.63368
0.863282 0.619792
0.890625 0.614583
0.763672 0.583333
0.791015 0.609375
0.785156 0.623264
0.751953 0.611111
0.740234 0.590278
0.746093 0.576389
0.705078 0.527778
0.69336 0.506945
0.702149 0.500001
0.719727 0.506945
0.728516 0.520833
0.722657 0.534722
0.754883 0.500001
0.737305 0.493057
0.728516 0.479167
0.737305 0.472223
0.751953 0.458334
0.760743 0.472223
0.826172 0.453125
0.798828 0.458333
0.79004 0.444445
0.795899 0.416667
0.810547 0.402778
0.832032 0.425347
0.890625 0.552083
0.863282 0.526042
0.869141 0.498263
0.896484 0.493055
0.917968 0.515625
0.917968 0.546875
0.179688 0.895833
0.201172 0.869792
0.236328 0.862847
0.246094 0.888888
0.220703 0.921875
0.189453 0.921875
0.0859375 0.864583
0.107422 0.869792
0.117188 0.895833
0.0957032 0.921875
0.0644532 0.921875
0.0644532 0.890625
0.0644532 0.796875
0.0644532 0.765625
0.0830078 0.743055
0.104492 0.748263
0.107422 0.776042
0.0859375 0.802083
0.138672 0.675347
0.157226 0.652777
0.168945 0.666667
0.171874 0.694444
0.163085 0.708333
0.141601 0.703124
0.204101 0.708334
0.21582 0.722223
0.242188 0.729167
0.233398 0.743057
0.198242 0.750001
0.195312 0.722222
0.347656 0.756945
0.322265 0.789931
0.28711 0.796875
0.277344 0.770833
0.286133 0.756945
0.321289 0.75
0.461915 0.144097
0.467774 0.163195
0.450196 0.180556
0.423828 0.184028
0.41504 0.170139
0.435547 0.14757
0.554688 0.076389
0.529297 0.0954865
0.50293 0.0989585
0.49707 0.0798612
0.517578 0.0572918
0.548828 0.0572918
0.642578 0.0572918
0.673828 0.0572918
0.666016 0.0833332
0.640625 0.102431
0.623047 0.0954865
0.617188 0.076389
0.324219 0.340278
0.30664 0.347222
0.294922 0.326389
0.300781 0.298612
0.31836 0.305556
0.330078 0.326389
0.744141 0.869792
0.72461 0.833333
0.722657 0.789931
0.740235 0.782986
0.773438 0.795139
0.775391 0.838542
0.669922 0.576389
0.675781 0.548612
0.69336 0.555556
0.705078 0.576389
0.699219 0.590278
0.68164 0.597222
0.900391 0.713542
0.869141 0.744792
0.835938 0.732639
0.833985 0.689236
0.839844 0.675347
0.873047 0.6875
0.099609 0.244791
0.130859 0.213541
0.164062 0.211805
0.166016 0.241319
0.160156 0.269097
0.126953 0.270833
0.224609 0.119791
0.255859 0.0885412
0.266601 0.111111
0.268555 0.140624
0.259765 0.147569
0.226562 0.149305
0.298828 0.17882
0.309571 0.201389
0.31836 0.215278
0.309571 0.222222
0.291992 0.215278
0.29004 0.185764
0.541016 0.638889
0.523438 0.642361
0.505859 0.628472
0.529297 0.597222
0.570312 0.579861
0.564453 0.607639
0.658204 0.444445
0.684571 0.451389
0.69336 0.465279
0.684571 0.472223
0.666992 0.465278
0.649415 0.451389
0.360351 0.878472
0.326172 0.901042
0.316406 0.874999
0.341797 0.842013
0.376953 0.835069
0.385742 0.845486
0.3125 0.715278
0.321289 0.701389
0.330078 0.694444
0.356445 0.701388
0.374023 0.715278
0.338867 0.722222
0.454102 0.800347
0.479492 0.767361
0.49707 0.763889
0.50586 0.774305
0.49707 0.788194
0.46289 0.810764
0.914062 0.315972
0.892578 0.293403
0.882812 0.253472
0.904297 0.244791
0.935547 0.276041
0.935547 0.307291
0.892578 0.387153
0.914062 0.378472
0.935547 0.401041
0.935547 0.432291
0.908203 0.4375
0.886718 0.41493
0.78418 0.361111
0.778321 0.388889
0.763672 0.402778
0.754884 0.388889
0.751954 0.361111
0.766602 0.347222
0.771484 0.145833
0.779297 0.119791
0.810547 0.151041
0.820312 0.190972
0.798828 0.199653
0.78125 0.185763
0.074219 0.628472
0.0927735 0.637153
0.0957035 0.66493
0.0771486 0.6875
0.0556642 0.682292
0.0556642 0.651042
0.101563 0.529513
0.0927735 0.543403
0.074219 0.565972
0.0556642 0.557292
0.0556642 0.526042
0.083008 0.520833
0.186524 0.638889
0.183594 0.611111
0.204102 0.618055
0.21582 0.631945
0.207031 0.638889
0.198242 0.652778
0.66504 0.932292
0.63379 0.932292
0.605469 0.909722
0.608399 0.887153
0.617188 0.873263
0.645508 0.895833
0.54004 0.932292
0.50879 0.932292
0.47754 0.932292
0.480469 0.909722
0.514649 0.887153
0.542969 0.909722
0.38379 0.932292
0.35254 0.932292
0.37793 0.899305
0.41211 0.876736
0.420898 0.887153
0.417969 0.909722
0.324219 0.090278
0.303711 0.112848
0.294922 0.119792
0.28418 0.097222
0.282227 0.0677085
0.313477 0.0677085
0.423828 0.109375
0.397461 0.112848
0.386719 0.090278
0.407227 0.0677085
0.438477 0.0677085
0.444336 0.0868058
0.40625 0
0.385742 0.0225695
0.354492 0.0225695
0.34375 0
0.125 0.09375
0.15625 0.09375
0.158203 0.123263
0.126953 0.154514
0.09375 0.15625
0.09375 0.125
0.15625 0
0.125 0.03125
0.09375 0.03125
0.09375 0
1 0.40625
0.978515 0.38368
0.978515 0.35243
1 0.34375
0.90625 0.125
0.90625 0.15625
0.884765 0.16493
0.853515 0.13368
0.84375 0.09375
0.875 0.09375
1 0.15625
0.96875 0.125
0.96875 0.09375
1 0.09375
0.59375 1
0.59668 0.97743
0.62793 0.97743
0.65625 1
0.875 0.90625
0.84375 0.90625
0.841797 0.862847
0.873047 0.831597
0.90625 0.84375
0.90625 0.875
0.84375 1
0.875 0.96875
0.90625 0.96875
0.90625 1
0 0.59375
0.0185547 0.60243
0.0185547 0.63368
0 0.65625
0 0.84375
0.0214844 0.848958
0.0214844 0.880208
0 0.90625
0.65625 0
0.63086 0.0190972
0.59961 0.0190972
0.59375 0
1 0.65625
0.972656 0.630208
0.972656 0.598958
1 0.59375
0.34375 1
0.37793 0.97743
0.40918 0.97743
0.40625 1
0 0.34375
0.0273438 0.369791
0.0273438 0.401041
0 0.40625
0.90625 0
0.90625 0.03125
0.875 0.03125
0.84375 0
1 0.90625
0.96875 0.90625
0.96875 0.875
1 0.84375
0.09375 1
0.115234 0.973958
0.146485 0.973958
0.15625 1
0 0.09375
0.03125 0.09375
0.03125 0.125
0 0.15625
0.535157 0.298612
0.529297 0.326389
0.49414 0.336806
0.5 0.309028
0.573242 0.340278
0.549805 0.361111
0.552735 0.305555
0.570313 0.402778
0.543945 0.395834
0.576172 0.368055
0.511718 0.434028
0.49414 0.420139
0.561524 0.409722
0.435547 0.440972
0.458985 0.409722
0.470703 0.451389
0.453125 0.371528
0.470703 0.368056
0.441406 0.413195
0.482422 0.326389
0.458985 0.357639
0.259766 0.590278
0.280273 0.597222
0.283203 0.625
0.262695 0.618055
0.294922 0.555555
0.30664 0.576389
0.268554 0.576389
0.347656 0.538195
0.341797 0.565972
0.3125 0.548612
0.40039 0.545139
0.376953 0.576389
0.365235 0.534722
0.412109 0.604167
0.371094 0.621528
0.417969 0.559028
0.338867 0.659722
0.321289 0.645833
0.388672 0.635417
0.274414 0.631945
0.3125 0.652778
0.623047 0.243055
0.646485 0.222222
0.666992 0.256944
0.643555 0.277777
0.660157 0.168403
0.677735 0.175347
0.628907 0.215278
0.720703 0.170138
0.71289 0.19618
0.685547 0.149305
0.725586 0.263888
0.708008 0.25
0.730468 0.210069
0.669922 0.284722
0.710938 0.277778
0.136719 0.442708
0.164062 0.437499
0.182617 0.47743
0.155274 0.482638
0.169922 0.378472
0.197266 0.404514
0.136719 0.411458
0.248047 0.395833
0.242188 0.423611
0.203125 0.376736
0.265625 0.465278
0.248047 0.472222
0.259765 0.416666
0.233399 0.513889
0.22168 0.493055
0.259765 0.493055
0.173828 0.491319
0.212891 0.506945
0.624024 0.795139
0.604492 0.75868
0.630859 0.737847
0.65039 0.774305
0.558594 0.739583
0.567383 0.725694
0.595703 0.772569
0.564453 0.6875
0.582032 0.684028
0.549805 0.729167
0.623047 0.645833
0.617188 0.673611
0.587891 0.65625
0.648437 0.730903
0.634765 0.666666
0.453125 0.267362
0.435547 0.284723
0.415039 0.260417
0.432617 0.243056
0.423828 0.326389
0.41211 0.315973
0.447265 0.295139
0.376953 0.3125
0.382812 0.298612
0.40625 0.329862
0.362305 0.263889
0.379883 0.270834
0.365235 0.291667
0.40625 0.246528
0.371094 0.256945
0.863282 0.557292
0.835938 0.5625
0.814453 0.50868
0.841797 0.503472
0.830078 0.607639
0.802734 0.581597
0.863282 0.588542
0.751953 0.562501
0.757812 0.548612
0.796874 0.595487
0.737305 0.513889
0.754883 0.520833
0.740235 0.541667
0.769532 0.486112
0.77832 0.5
0.746094 0.506945
0.820313 0.480903
0.78418 0.472222
0.107422 0.838542
0.128906 0.8125
0.160156 0.84375
0.138672 0.869792
0.125976 0.753472
0.14746 0.75868
0.107422 0.807292
0.174804 0.722222
0.177734 0.75
0.144531 0.730903
0.224609 0.756945
0.21582 0.770833
0.186523 0.736111
0.251953 0.803819
0.216797 0.810764
0.250976 0.763889
0.169922 0.869792
0.226562 0.836805
0.576172 0.194444
0.558594 0.1875
0.589844 0.140625
0.607422 0.147569
0.517578 0.225694
0.523438 0.197917
0.552735 0.215278
0.485351 0.190972
0.50293 0.173611
0.505859 0.215278
0.488282 0.140625
0.514649 0.137153
0.476563 0.177084
0.560547 0.0954865
0.566407 0.114584
0.50879 0.118056
0.615235 0.121528
0.591797 0.0954865
0.3125 0.395834
0.330078 0.388889
0.335938 0.437501
0.318359 0.444445
0.341797 0.347222
0.353515 0.368056
0.31836 0.368056
0.388672 0.371528
0.382812 0.385417
0.359375 0.354166
0.388672 0.423612
0.371094 0.427084
0.400391 0.381945
0.330078 0.465278
0.365235 0.454862
0.720703 0.746528
0.71875 0.703125
0.769532 0.708333
0.771485 0.751736
0.687499 0.645833
0.705078 0.638889
0.701172 0.71007
0.716797 0.597222
0.728515 0.618056
0.693359 0.618056
0.779297 0.637153
0.773438 0.651042
0.734374 0.604167
0.802735 0.720486
0.806641 0.663195
0.197266 0.210069
0.230469 0.208333
0.226562 0.265624
0.19336 0.267361
0.270508 0.170138
0.27246 0.199653
0.228515 0.178819
0.300781 0.229166
0.291992 0.236111
0.28125 0.192708
0.3125 0.270834
0.294922 0.263889
0.309571 0.243055
0.283203 0.305555
0.271484 0.284722
0.30664 0.284722
0.220703 0.293402
0.265625 0.312499
0.658203 0.555555
0.646485 0.534722
0.669922 0.513889
0.681641 0.534722
0.605469 0.572917
0.611328 0.545139
0.640626 0.5625
0.552734 0.565972
0.576172 0.534722
0.587891 0.576389
0.541015 0.506944
0.582031 0.489583
0.535156 0.552083
0.614258 0.451389
0.631835 0.465278
0.564453 0.475694
0.675782 0.479167
0.666992 0.486111
0.640625 0.458333
0.687501 0.520833
0.684571 0.493056
0.445312 0.78993
0.436523 0.779513
0.479492 0.743055
0.488281 0.753472
0.367187 0.809028
0.392578 0.776042
0.411133 0.8125
0.356445 0.743055
0.391601 0.736111
0.357422 0.782986
0.382812 0.708333
0.409179 0.715278
0.365234 0.729167
0.441406 0.677083
0.458984 0.690972
0.391601 0.701388
0.517578 0.670139
0.49414 0.701389
0.482422 0.659722
0.49707 0.739583
0.511719 0.697917
0.892578 0.324653
0.871093 0.333333
0.839843 0.270833
0.861328 0.262153
0.865234 0.392361
0.84375 0.369791
0.892578 0.355903
0.801759 0.388889
0.807617 0.361111
0.837891 0.397569
0.78125 0.333333
0.795898 0.319444
0.792969 0.375
0.783203 0.251736
0.800781 0.265624
0.77832 0.305555
0.830078 0.230903
0.791015 0.225694
0.120117 0.538194
0.138672 0.546874
0.111328 0.583333
0.0927735 0.574653
0.186524 0.548611
0.177735 0.562499
0.147461 0.532986
0.201172 0.597222
0.180664 0.590278
0.198242 0.569444
0.174805 0.625
0.163086 0.611111
0.192383 0.604167
0.135742 0.647568
0.132812 0.619791
0.166015 0.638888
0.0927735 0.605903
0.114258 0.642361
0.577149 0.887153
0.548828 0.864583
0.560547 0.828124
0.588867 0.850694
0.483398 0.887153
0.486328 0.864583
0.545899 0.887153
0.446289 0.854167
0.480469 0.831597
0.452148 0.887153
0.514649 0.784722
0.523438 0.795138
0.47168 0.82118
0.569337 0.814236
0.532227 0.781249
0.40332 0.131945
0.382812 0.154514
0.345703 0.135417
0.366211 0.112848
0.397461 0.187501
0.371094 0.190973
0.40918 0.151042
0.344727 0.215278
0.335938 0.201389
0.379883 0.204862
0.307617 0.171876
0.316406 0.164931
0.327149 0.208334
0.334961 0.112848
0.305664 0.142362
0.655274 0.388889
0.68164 0.395834
0.675782 0.430556
0.649415 0.423612
0.719727 0.361111
0.722657 0.388889
0.678711 0.368056
0.749024 0.416667
0.734376 0.430556
0.737305 0.375
0.719727 0.465279
0.710938 0.451389
0.743165 0.444445
0.666993 0.4375
0.702149 0.458334
0.21289 0.694445
0.22168 0.680556
0.259765 0.701389
0.250976 0.715278
0.227539 0.645833
0.239258 0.659722
0.209961 0.666667
0.286133 0.673611
0.277344 0.680556
0.248047 0.652778
0.286133 0.708333
0.303711 0.6875
0.323242 0.0225695
0.291992 0.0225695
0.273438 0.0746525
0.262695 0.0520832
0.302735 0.045139
0.222656 0.0902773
0.220703 0.0607637
0.264648 0.0815967
0.15625 0.0625
0.1875 0.03125
0.189453 0.0920135
0.15625 0.03125
0.978515 0.32118
0.978515 0.28993
0.925781 0.236111
0.947265 0.227431
0.957031 0.298611
0.9375 0.15625
0.96875 0.1875
0.916015 0.19618
0.96875 0.15625
0.65918 0.97743
0.69043 0.97743
0.673828 0.918403
0.702149 0.940972
0.66211 0.954861
0.708985 0.88368
0.728516 0.920139
0.682617 0.904514
0.777344 0.881945
0.779297 0.925347
0.726563 0.876737
0.84375 0.9375
0.8125 0.96875
0.810547 0.894097
0.84375 0.96875
0.0185547 0.66493
0.0185547 0.69618
0.0585939 0.710069
0.0400391 0.732639
0.0371095 0.673611
0.0429688 0.791667
0.0214844 0.786458
0.0615235 0.737847
0.0214844 0.817708
0.56836 0.0190972
0.53711 0.0190972
0.491211 0.060764
0.485352 0.0416668
0.542969 0.0381945
0.427735 0.045139
0.448242 0.0225695
0.464844 0.0642362
0.416992 0.0225695
0.972656 0.567708
0.972656 0.536458
0.923828 0.487847
0.951172 0.482639
0.945312 0.541667
0.957031 0.423611
0.978515 0.44618
0.929687 0.46007
0.978515 0.41493
0.44043 0.97743
0.47168 0.97743
0.53711 0.954861
0.53418 0.97743
0.47461 0.954861
0.56543 0.97743
0.0273438 0.432291
0.0273438 0.463541
0.0732423 0.498263
0.0458985 0.503472
0.0546875 0.458333
0.0371095 0.548611
0.0185547 0.53993
0.0644533 0.512153
0.0185547 0.57118
0.84375 0.03125
0.8125 0.03125
0.822265 0.10243
0.791015 0.0711805
0.84375 0.0625
0.761718 0.105903
0.751953 0.065972
0.800781 0.111111
0.708985 0.0711803
0.716797 0.0451387
0.74414 0.0920135
0.667969 0.0381945
0.69336 0.0190972
0.691407 0.064236
0.66211 0.0190972
0.96875 0.84375
0.96875 0.8125
0.904297 0.800347
0.935547 0.769097
0.9375 0.84375
0.906251 0.699653
0.939453 0.711806
0.902344 0.756945
0.945312 0.666667
0.972656 0.692708
0.91211 0.685764
0.972656 0.661458
0.177735 0.973958
0.208985 0.973958
0.25586 0.91493
0.265625 0.940972
0.199219 0.947917
0.33496 0.911458
0.30957 0.944444
0.291015 0.907986
0.34961 0.954861
0.31543 0.97743
0.34375 0.921874
0.34668 0.97743
0.03125 0.15625
0.03125 0.1875
0.095703 0.185764
0.064453 0.217014
0.0625 0.15625
0.09375 0.27257
0.0605468 0.274305
0.097656 0.215278
0.0546875 0.333333
0.0273438 0.307291
0.0878907 0.300347
0.0273438 0.338541
0.96875 0.0625
0.96875 0.03125
0.9375 0.03125
0.9375 0.96875
0.96875 0.96875
0.96875 0.9375
0.0214844 0.911458
0.0214844 0.942708
0.0742189 0.947917
0.0527344 0.973958
0.0429688 0.916667
0.0839845 0.973958
0.0625 0.03125
0.03125 0.03125
0.03125 0.0625
0.564453 0.25
0.582032 0.256945
0.476562 0.288195
0.49414 0.270834
0.482422 0.260416
0.587891 0.229166
0.649415 0.333334
0.623047 0.326388
0.625977 0.354167
0.631837 0.4375
0.614259 0.423612
0.605469 0.430556
0.482422 0.510417
0.505859 0.479167
0.464844 0.496528
0.394531 0.475695
0.400391 0.447917
0.376953 0.479167
0.423828 0.364584
0.429688 0.350695
0.412109 0.354167
0.215821 0.541667
0.22754 0.5625
0.236328 0.548612
0.245117 0.631945
0.233399 0.618055
0.22461 0.625
0.294922 0.479166
0.289062 0.506945
0.306641 0.5
0.488281 0.614583
0.470703 0.600694
0.447265 0.631944
0.347656 0.680555
0.321289 0.673611
0.338867 0.687499
0.746094 0.305555
0.731446 0.319444
0.749024 0.333333
0.658203 0.109375
0.650391 0.135416
0.675782 0.116319
0.763672 0.171874
0.746093 0.157986
0.755859 0.197916
0.0820312 0.421874
0.0820312 0.390624
0.0546875 0.395833
0.154297 0.296875
0.148438 0.324653
0.18164 0.322916
0.289062 0.354166
0.271485 0.361111
0.283203 0.381944
0.110352 0.515624
0.137696 0.510416
0.119141 0.501736
0.625977 0.859375
0.634766 0.845487
0.606446 0.822917
0.685547 0.760417
0.6875 0.803819
0.705078 0.796875
0.514649 0.760417
0.532227 0.756944
0.523438 0.746528
0.558594 0.635417
0.552735 0.663195
0.576172 0.631945
0.664062 0.604167
0.646485 0.611111
0.658203 0.631944
0.415039 0.215278
0.441406 0.211806
0.432617 0.197917
0.335938 0.3125
0.353515 0.319444
0.341797 0.298611
0.335938 0.243055
0.344727 0.236112
0.327149 0.229167
0.917968 0.578125
0.917968 0.609375
0.945312 0.604167
0.845703 0.661458
0.851562 0.647569
0.818359 0.635417
0.710938 0.5625
0.728515 0.569445
0.716797 0.548612
0.702149 0.479167
0.710938 0.493057
0.719727 0.486112
0.772461 0.416667
0.766602 0.444445
0.781251 0.430556
0.880859 0.442708
0.853516 0.447916
0.875 0.470486
0.136719 0.947917
0.158203 0.921875
0.126953 0.921875
0.296875 0.822917
0.271485 0.855903
0.30664 0.848958
0.0644532 0.859375
0.0644532 0.828125
0.0429688 0.854167
0.0986331 0.692708
0.101563 0.720486
0.120118 0.697916
0.189453 0.666667
0.180664 0.680555
0.192383 0.694445
0.303711 0.729167
0.268555 0.736112
0.294922 0.743056
0.450195 0.105903
0.456055 0.125
0.476562 0.102431
0.580078 0.0572918
0.611328 0.0572918
0.605469 0.0381945
0.837891 0.776042
0.806641 0.807292
0.839844 0.819445
0.162109 0.182291
0.193359 0.151041
0.160156 0.152778
0.286133 0.126736
0.277344 0.13368
0.288086 0.15625
0.428711 0.833333
0.394531 0.855903
0.40332 0.866319
0.957031 0.361111
0.935547 0.338541
0.935547 0.369791
0.841797 0.182291
0.873047 0.213541
0.863281 0.173611
0.0371095 0.611111
0.0556642 0.619792
0.0556642 0.588542
0.60254 0.932292
0.57129 0.932292
0.59961 0.954861
0.41211 0.954861
0.44629 0.932292
0.41504 0.932292
0.365235 0.045139
0.344727 0.0677085
0.375977 0.0677085
0.0625 0.09375
0.09375 0.09375
0.09375 0.0625
0.90625 0.0625
0.90625 0.09375
0.9375 0.09375
0.9375 0.90625
0.90625 0.90625
0.90625 0.9375
3456
9 513 514
173 1288 513
174 514 1288
513 1288 514
51 728 729
307 1287 728
173 729 1287
728 1287 729
37 644 645
174 1293 644
307 645 1293
644 1293 645
173 1287 1288
307 1293 1287
174 1288 1293
1287 1293 1288
3 480 481
140 1189 480
141 481 1189
480 1189 481
38 650 651
308 1188 650
140 651 1188
650 1188 651
51 732 733
141 1194 732
308 733 1194
732 1194 733
140 1188 1189
308 1194 1188
141 1189 1194
1188 1194 1189
1 466 467
126 1147 466
127 467 1147
466 1147 467
37 646 647
304 1146 646
126 647 1146
646 1146 647
38 654 655
127 1152 654
304 655 1152
654 1152 655
126 1146 1147
304 1152 1146
127 1147 1152
1146 1152 1147
51 733 728
308 1637 733
307 728 1637
733 1637 728
38 655 650
304 1633 655
308 650 1633
655 1633 650
37 645 646
307 1632 645
304 646 1632
645 1632 646
308 1633 1637
304 1632 1633
307 1637 1632
1633 1632 1637
21 583 584
243 1497 583
244 584 1497
583 1497 584
108 1068 1069
458 1496 1068
243 1069 1496
1068 1496 1069
109 1074 1075
244 1499 1074
458 1075 1499
1074 1499 1075
243 1496 1497
458 1499 1496
244 1497 1499
1496 1499 1497
32 630 631
290 1606 630
291 631 1606
630 1606 631
125 1144 1145
457 1605 1144
290 1145 1605
1144 1605 1145
108 1072 1073
291 1609 1072
457 1073 1609
1072 1609 1073
290 1605 1606
457 1609 1605
291 1606 1609
1605 1609 1606
36 642 643
302 1630 642
303 643 1630
642 1630 643
109 1076 1077
459 1629 1076
302 1077 1629
1076 1629 1077
125 1142 1143
303 1631 1142
459 1143 1631
1142 1631 1143
302 1629 1630
459 1631 1629
303 1630 1631
1629 1631 1630
108 1073 1068
457 1786 1073
458 1068 1786
1073 1786 1068
125 1143 1144
459 1785 1143
457 1144 1785
1143 1785 1144
109 1075 1076
458 1787 1075
459 1076 1787
1075 1787 1076
457 1785 1786
459 1787 1785
458 1786 1787
1785 1787 1786
32 631 632
291 1608 631
292 632 1608
631 1608 632
108 1071 1072
431 1607 1071
291 1072 1607
1071 1607 1072
87 944 945
292 1612 944
431 945 1612
944 1612 945
291 1607 1608
431 1612 1607
292 1608 1612
1607 1612 1608
21 582 583
242 1494 582
243 583 1494
582 1494 583
88 950 951
432 1493 950
242 951 1493
950 1493 951
108 1069 1070
243 1498 1069
432 1070 1498
1069 1498 1070
242 1493 1494
432 1498 1493
243 1494 1498
1493 1498 1494
12 529 530
189 1336 529
190 530 1336
529 1336 530
87 946 947
430 1335 946
189 947 1335
946 1335 947
88 954 955
190 1341 954
430 955 1341
954 1341 955
189 1335 1336
430 1341 1335
190 1336 1341
1335 1341 1336
108 1070 1071
432 1760 1070
431 1071 1760
1070 1760 1071
88 955 950
430 1759 955
432 950 1759
955 1759 950
87 945 946
431 1758 945
430 946 1758
945 1758 946
432 1759 1760
430 1758 1759
431 1760 1758
1759 1758 1760
32 633 634
293 1614 633
294 634 1614
633 1614 634
54 746 747
350 1613 746
293 747 1613
746 1613 747
121 1126 1127
294 1616 1126
350 1127 1616
1126 1616 1127
293 1613 1614
350 1616 1613
294 1614 1616
1613 1616 1614
4 485 486
145 1204 485
146 486 1204
485 1204 486
58 770 771
349 1203 770
145 771 1203
770 1203 771
54 750 751
146 1209 750
349 751 1209
750 1209 751
145 1203 1204
349 1209 1203
146 1204 1209
1203 1209 1204
28 610 611
270 1558 610
271 611 1558
610 1558 611
121 1128 1129
360 1557 1128
270 1129 1557
1128 1557 1129
58 774 775
271 1561 774
360 775 1561
774 1561 775
270 1557 1558
360 1561 1557
271 1558 1561
1557 1561 1558
54 751 746
349 1678 751
350 746 1678
751 1678 746
58 775 770
360 1677 775
349 770 1677
775 1677 770
121 1127 1128
350 1679 1127
360 1128 1679
1127 1679 1128
349 1677 1678
360 1679 1677
350 1678 1679
1677 1679 1678
4 486 487
146 1208 486
147 487 1208
486 1208 487
54 749 750
352 1207 749
146 750 1207
749 1207 750
55 752 753
147 1212 752
352 753 1212
752 1212 753
146 1207 1208
352 1212 1207
147 1208 1212
1207 1212 1208
32 632 633
292 1611 632
293 633 1611
632 1611 633
87 949 944
351 1610 949
292 944 1610
949 1610 944
54 747 748
293 1615 747
351 748 1615
747 1615 748
292 1610 1611
351 1615 1610
293 1611 1615
1610 1615 1611
12 534 529
194 1337 534
189 529 1337
534 1337 529
55 754 755
353 1351 754
194 755 1351
754 1351 755
87 947 948
189 1338 947
353 948 1338
947 1338 948
194 1351 1337
353 1338 1351
189 1337 1338
1351 1338 1337
54 748 749
351 1681 748
352 749 1681
748 1681 749
87 948 949
353 1680 948
351 949 1680
948 1680 949
55 753 754
352 1682 753
353 754 1682
753 1682 754
351 1680 1681
353 1682 1680
352 1681 1682
1680 1682 1681
29 618 619
278 1578 618
279 619 1578
618 1578 619
82 914 915
426 1577 914
278 915 1577
914 1577 915
118 1114 1115
279 1580 1114
426 1115 1580
1114 1580 1115
278 1577 1578
426 1580 1577
279 1578 1580
1577 1580 1578
9 517 518
177 1301 517
178 518 1301
517 1301 518
81 908 909
423 1300 908
177 909 1300
908 1300 909
82 918 919
178 1304 918
423 919 1304
918 1304 919
177 1300 1301
423 1304 1300
178 1301 1304
1300 1304 1301
25 599 600
259 1534 599
260 600 1534
599 1534 600
118 1116 1117
425 1533 1116
259 1117 1533
1116 1533 1117
81 912 913
260 1537 912
425 913 1537
912 1537 913
259 1533 1534
425 1537 1533
260 1534 1537
1533 1537 1534
82 919 914
423 1753 919
426 914 1753
919 1753 914
81 913 908
425 1752 913
423 908 1752
913 1752 908
118 1115 1116
426 1754 1115
425 1116 1754
1115 1754 1116
423 1752 1753
425 1754 1752
426 1753 1754
1752 1754 1753
9 518 513
178 1289 518
173 513 1289
518 1289 513
82 917 918
342 1303 917
178 918 1303
917 1303 918
51 729 730
173 1290 729
342 730 1290
729 1290 730
178 1303 1289
342 1290 1303
173 1289 1290
1303 1290 1289
29 617 618
277 1575 617
278 618 1575
617 1575 618
52 734 735
344 1574 734
277 735 1574
734 1574 735
82 915 916
278 1579 915
344 916 1579
915 1579 916
277 1574 1575
344 1579 1574
278 1575 1579
1574 1579 1575
3 481 482
141 1193 481
142 482 1193
481 1193 482
51 731 732
343 1192 731
141 732 1192
731 1192 732
52 738 739
142 1197 738
343 739 1197
738 1197 739
141 1192 1193
343 1197 1192
142 1193 1197
1192 1197 1193
82 916 917
344 1671 916
342 917 1671
916 1671 917
52 739 734
343 1673 739
344 734 1673
739 1673 734
51 730 731
342 1672 730
343 731 1672
730 1672 731
344 1673 1671
343 1672 1673
342 1671 1672
1673 1672 1671
22 587 588
247 1506 587
248 588 1506
587 1506 588
111 1082 1083
461 1505 1082
247 1083 1505
1082 1505 1083
112 1088 1089
248 1508 1088
461 1089 1508
1088 1508 1089
247 1505 1506
461 1508 1505
248 1506 1508
1505 1508 1506
29 614 615
274 1567 614
275 615 1567
614 1567 615
122 1132 1133
460 1566 1132
274 1133 1566
1132 1566 1133
111 1086 1087
275 1570 1086
460 1087 1570
1086 1570 1087
274 1566 1567
460 1570 1566
275 1567 1570
1566 1570 1567
33 635 636
295 1618 635
296 636 1618
635 1618 636
112 1090 1091
462 1617 1090
295 1091 1617
1090 1617 1091
122 1130 1131
296 1619 1130
462 1131 1619
1130 1619 1131
295 1617 1618
462 1619 1617
296 1618 1619
1617 1619 1618
111 1087 1082
460 1789 1087
461 1082 1789
1087 1789 1082
122 1131 1132
462 1788 1131
460 1132 1788
1131 1788 1132
112 1089 1090
461 1790 1089
462 1090 1790
1089 1790 1090
460 1788 1789
462 1790 1788
461 1789 1790
1788 1790 1789
23 589 590
249 1510 589
250 590 1510
589 1510 590
113 1094 1095
449 1509 1094
249 1095 1509
1094 1509 1095
102 1034 1035
250 1513 1034
449 1035 1513
1034 1513 1035
249 1509 1510
449 1513 1509
250 1510 1513
1509 1513 1510
27 608 609
268 1554 608
269 609 1554
608 1554 609
103 1040 1041
450 1553 1040
268 1041 1553
1040 1553 1041
113 1092 1093
269 1556 1092
450 1093 1556
1092 1556 1093
268 1553 1554
450 1556 1553
269 1554 1556
1553 1556 1554
17 561 562
221 1432 561
222 562 1432
561 1432 562
102 1036 1037
448 1431 1036
221 1037 1431
1036 1431 1037
103 1044 1045
222 1437 1044
448 1045 1437
1044 1437 1045
221 1431 1432
448 1437 1431
222 1432 1437
1431 1437 1432
113 1093 1094
450 1778 1093
449 1094 1778
1093 1778 1094
103 1045 1040
448 1777 1045
450 1040 1777
1045 1777 1040
102 1035 1036
449 1776 1035
448 1036 1776
1035 1776 1036
450 1777 1778
448 1776 1777
449 1778 1776
1777 1776 1778
24 597 598
257 1530 597
258 598 1530
597 1530 598
76 878 879
410 1529 878
257 879 1529
878 1529 879
117 1110 1111
258 1532 1110
410 1111 1532
1110 1532 1111
257 1529 1530
410 1532 1529
258 1530 1532
1529 1532 1530
8 507 508
167 1270 507
168 508 1270
507 1270 508
75 872 873
407 1269 872
167 873 1269
872 1269 873
76 882 883
168 1275 882
407 883 1275
882 1275 883
167 1269 1270
407 1275 1269
168 1270 1275
1269 1275 1270
35 639 640
299 1624 639
300 640 1624
639 1624 640
117 1112 1113
409 1623 1112
299 1113 1623
1112 1623 1113
75 876 877
300 1627 876
409 877 1627
876 1627 877
299 1623 1624
409 1627 1623
300 1624 1627
1623 1627 1624
76 883 878
407 1738 883
410 878 1738
883 1738 878
75 877 872
409 1737 877
407 872 1737
877 1737 872
117 1111 1112
410 1739 1111
409 1112 1739
1111 1739 1112
407 1737 1738
409 1739 1737
410 1738 1739
1737 1739 1738
27 607 608
267 1552 607
268 608 1552
607 1552 608
120 1124 1125
451 1551 1124
267 1125 1551
1124 1551 1125
103 1041 1042
268 1555 1041
451 1042 1555
1041 1555 1042
267 1551 1552
451 1555 1551
268 1552 1555
1551 1555 1552
31 628 629
288 1602 628
289 629 1602
628 1602 629
104 1046 1047
453 1601 1046
288 1047 1601
1046 1601 1047
120 1122 1123
289 1604 1122
453 1123 1604
1122 1604 1123
288 1601 1602
453 1604 1601
289 1602 1604
1601 1604 1602
17 562 563
222 1436 562
223 563 1436
562 1436 563
103 1043 1044
452 1435 1043
222 1044 1435
1043 1435 1044
104 1050 1051
223 1440 1050
452 1051 1440
1050 1440 1051
222 1435 1436
452 1440 1435
223 1436 1440
1435 1440 1436
120 1123 1124
453 1779 1123
451 1124 1779
1123 1779 1124
104 1051 1046
452 1781 1051
453 1046 1781
1051 1781 1046
103 1042 1043
451 1780 1042
452 1043 1780
1042 1780 1043
453 1781 1779
452 1780 1781
451 1779 1780
1781 1780 1779
8 512 507
172 1271 512
167 507 1271
512 1271 507
74 866 867
404 1285 866
172 867 1285
866 1285 867
75 873 874
167 1272 873
404 874 1272
873 1272 874
172 1285 1271
404 1272 1285
167 1271 1272
1285 1272 1271
31 625 626
285 1594 625
286 626 1594
625 1594 626
124 1140 1141
403 1593 1140
285 1141 1593
1140 1593 1141
74 870 871
286 1597 870
403 871 1597
870 1597 871
285 1593 1594
403 1597 1593
286 1594 1597
1593 1597 1594
35 640 641
300 1626 640
301 641 1626
640 1626 641
75 875 876
408 1625 875
300 876 1625
875 1625 876
124 1138 1139
301 1628 1138
408 1139 1628
1138 1628 1139
300 1625 1626
408 1628 1625
301 1626 1628
1625 1628 1626
74 871 866
403 1732 871
404 866 1732
871 1732 866
124 1139 1140
408 1731 1139
403 1140 1731
1139 1731 1140
75 874 875
404 1733 874
408 875 1733
874 1733 875
403 1731 1732
408 1733 1731
404 1732 1733
1731 1733 1732
5 491 492
151 1222 491
152 492 1222
491 1222 492
59 776 777
362 1221 776
151 777 1221
776 1221 777
60 782 783
152 1227 782
362 783 1227
782 1227 783
151 1221 1222
362 1227 1221
152 1222 1227
1221 1227 1222
23 590 591
250 1512 590
251 591 1512
590 1512 591
102 1039 1034
361 1511 1039
250 1034 1511
1039 1511 1034
59 780 781
251 1516 780
361 781 1516
780 1516 781
250 1511 1512
361 1516 1511
251 1512 1516
1511 1516 1512
17 565 561
225 1433 565
221 561 1433
565 1433 561
60 784 785
365 1444 784
225 785 1444
784 1444 785
102 1037 1038
221 1434 1037
365 1038 1434
1037 1434 1038
225 1444 1433
365 1434 1444
221 1433 1434
1444 1434 1433
59 781 776
361 1690 781
362 776 1690
781 1690 776
102 1038 1039
365 1689 1038
361 1039 1689
1038 1689 1039
60 783 784
362 1691 783
365 784 1691
783 1691 784
361 1689 1690
365 1691 1689
362 1690 1691
1689 1691 1690
23 591 592
251 1515 591
252 592 1515
591 1515 592
59 779 780
364 1514 779
251 780 1514
779 1514 780
84 926 927
252 1519 926
364 927 1519
926 1519 927
251 1514 1515
364 1519 1514
252 1515 1519
1514 1519 1515
5 495 491
155 1223 495
151 491 1223
495 1223 491
63 800 801
363 1234 800
155 801 1234
800 1234 801
59 777 778
151 1224 777
363 778 1224
777 1224 778
155 1234 1223
363 1224 1234
151 1223 1224
1234 1224 1223
11 524 525
184 1321 524
185 525 1321
524 1321 525
84 928 929
375 1320 928
184 929 1320
928 1320 929
63 804 805
185 1326 804
375 805 1326
804 1326 805
184 1320 1321
375 1326 1320
185 1321 1326
1320 1326 1321
59 778 779
363 1693 778
364 779 1693
778 1693 779
63 805 800
375 1692 805
363 800 1692
805 1692 800
84 927 928
364 1694 927
375 928 1694
927 1694 928
363 1692 1693
375 1694 1692
364 1693 1694
1692 1694 1693
3 484 480
144 1190 484
140 480 1190
484 1190 480
50 722 723
309 1201 722
144 723 1201
722 1201 723
38 651 652
140 1191 651
309 652 1191
651 1191 652
144 1201 1190
309 1191 1201
140 1190 1191
1201 1191 1190
19 571 572
231 1462 571
232 572 1462
571 1462 572
39 656 657
311 1461 656
231 657 1461
656 1461 657
50 726 727
232 1467 726
311 727 1467
726 1467 727
231 1461 1462
311 1467 1461
232 1462 1467
1461 1467 1462
1 467 468
127 1151 467
128 468 1151
467 1151 468
38 653 654
310 1150 653
127 654 1150
653 1150 654
39 660 661
128 1155 660
310 661 1155
660 1155 661
127 1150 1151
310 1155 1150
128 1151 1155
1150 1155 1151
50 727 722
311 1638 727
309 722 1638
727 1638 722
39 661 656
310 1640 661
311 656 1640
661 1640 656
38 652 653
309 1639 652
310 653 1639
652 1639 653
311 1640 1638
310 1639 1640
309 1638 1639
1640 1639 1638
23 593 594
253 1521 593
254 594 1521
593 1521 594
114 1096 1097
464 1520 1096
253 1097 1520
1096 1520 1097
115 1102 1103
254 1523 1102
464 1103 1523
1102 1523 1103
253 1520 1521
464 1523 1520
254 1521 1523
1520 1523 1521
30 620 621
280 1582 620
281 621 1582
620 1582 621
123 1136 1137
463 1581 1136
280 1137 1581
1136 1581 1137
114 1100 1101
281 1585 1100
463 1101 1585
1100 1585 1101
280 1581 1582
463 1585 1581
281 1582 1585
1581 1585 1582
34 637 638
297 1621 637
298 638 1621
637 1621 638
115 1104 1105
465 1620 1104
297 1105 1620
1104 1620 1105
123 1134 1135
298 1622 1134
465 1135 1622
1134 1622 1135
297 1620 1621
465 1622 1620
298 1621 1622
1620 1622 1621
114 1101 1096
463 1792 1101
464 1096 1792
1101 1792 1096
123 1135 1136
465 1791 1135
463 1136 1791
1135 1791 1136
115 1103 1104
464 1793 1103
465 1104 1793
1103 1793 1104
463 1791 1792
465 1793 1791
464 1792 1793
1791 1793 1792
30 621 622
281 1584 621
282 622 1584
621 1584 622
114 1099 1100
429 1583 1099
281 1100 1583
1099 1583 1100
86 938 939
282 1588 938
429 939 1588
938 1588 939
281 1583 1584
429 1588 1583
282 1584 1588
1583 1588 1584
23 592 593
252 1518 592
253 593 1518
592 1518 593
84 931 926
428 1517 931
252 926 1517
931 1517 926
114 1097 1098
253 1522 1097
428 1098 1522
1097 1522 1098
252 1517 1518
428 1522 1517
253 1518 1522
1517 1522 1518
11 528 524
188 1322 528
184 524 1322
528 1322 524
86 940 941
427 1333 940
188 941 1333
940 1333 941
84 929 930
184 1323 929
427 930 1323
929 1323 930
188 1333 1322
427 1323 1333
184 1322 1323
1333 1323 1322
114 1098 1099
428 1757 1098
429 1099 1757
1098 1757 1099
84 930 931
427 1756 930
428 931 1756
930 1756 931
86 939 940
429 1755 939
427 940 1755
939 1755 940
428 1756 1757
427 1755 1756
429 1757 1755
1756 1755 1757
6 496 497
156 1237 496
157 497 1237
496 1237 497
64 806 807
324 1236 806
156 807 1236
806 1236 807
43 680 681
157 1242 680
324 681 1242
680 1242 681
156 1236 1237
324 1242 1236
157 1237 1242
1236 1242 1237
9 514 515
174 1292 514
175 515 1292
514 1292 515
37 649 644
306 1291 649
174 644 1291
649 1291 644
64 810 811
175 1296 810
306 811 1296
810 1296 811
174 1291 1292
306 1296 1291
175 1292 1296
1291 1296 1292
1 472 466
132 1148 472
126 466 1148
472 1148 466
43 682 683
305 1165 682
132 683 1165
682 1165 683
37 647 648
126 1149 647
305 648 1149
647 1149 648
132 1165 1148
305 1149 1165
126 1148 1149
1165 1149 1148
64 811 806
306 1636 811
324 806 1636
811 1636 806
37 648 649
305 1635 648
306 649 1635
648 1635 649
43 681 682
324 1634 681
305 682 1634
681 1634 682
306 1635 1636
305 1634 1635
324 1636 1634
1635 1634 1636
9 516 517
176 1298 516
177 517 1298
516 1298 517
80 902 903
422 1297 902
176 903 1297
902 1297 903
81 909 910
177 1302 909
422 910 1302
909 1302 910
176 1297 1298
422 1302 1297
177 1298 1302
1297 1302 1298
18 566 567
226 1447 566
227 567 1447
566 1447 567
106 1058 1059
421 1446 1058
226 1059 1446
1058 1446 1059
80 906 907
227 1452 906
421 907 1452
906 1452 907
226 1446 1447
421 1452 1446
227 1447 1452
1446 1452 1447
25 600 601
260 1536 600
261 601 1536
600 1536 601
81 911 912
424 1535 911
260 912 1535
911 1535 912
106 1062 1063
261 1540 1062
424 1063 1540
1062 1540 1063
260 1535 1536
424 1540 1535
261 1536 1540
1535 1540 1536
80 907 902
421 1750 907
422 902 1750
907 1750 902
106 1063 1058
424 1749 1063
421 1058 1749
1063 1749 1058
81 910 911
422 1751 910
424 911 1751
910 1751 911
421 1749 1750
424 1751 1749
422 1750 1751
1749 1751 1750
18 570 566
230 1448 570
226 566 1448
570 1448 566
105 1052 1053
455 1459 1052
230 1053 1459
1052 1459 1053
106 1059 1060
226 1449 1059
455 1060 1449
1059 1449 1060
230 1459 1448
455 1449 1459
226 1448 1449
1459 1449 1448
21 580 581
240 1489 580
241 581 1489
580 1489 581
107 1066 1067
454 1488 1066
240 1067 1488
1066 1488 1067
105 1056 1057
241 1492 1056
454 1057 1492
1056 1492 1057
240 1488 1489
454 1492 1488
241 1489 1492
1488 1492 1489
25 601 602
261 1539 601
262 602 1539
601 1539 602
106 1061 1062
456 1538 1061
261 1062 1538
1061 1538 1062
107 1064 1065
262 1541 1064
456 1065 1541
1064 1541 1065
261 1538 1539
456 1541 1538
262 1539 1541
1538 1541 1539
105 1057 1052
454 1783 1057
455 1052 1783
1057 1783 1052
107 1065 1066
456 1782 1065
454 1066 1782
1065 1782 1066
106 1060 1061
455 1784 1060
456 1061 1784
1060 1784 1061
454 1782 1783
456 1784 1782
455 1783 1784
1782 1784 1783
21 581 582
241 1491 581
242 582 1491
581 1491 582
105 1055 1056
433 1490 1055
241 1056 1490
1055 1490 1056
88 951 952
242 1495 951
433 952 1495
951 1495 952
241 1490 1491
433 1495 1490
242 1491 1495
1490 1495 1491
18 569 570
229 1457 569
230 570 1457
569 1457 570
89 956 957
435 1456 956
229 957 1456
956 1456 957
105 1053 1054
230 1460 1053
435 1054 1460
1053 1460 1054
229 1456 1457
435 1460 1456
230 1457 1460
1456 1460 1457
12 530 531
190 1340 530
191 531 1340
530 1340 531
88 953 954
434 1339 953
190 954 1339
953 1339 954
89 960 961
191 1344 960
434 961 1344
960 1344 961
190 1339 1340
434 1344 1339
191 1340 1344
1339 1344 1340
105 1054 1055
435 1761 1054
433 1055 1761
1054 1761 1055
89 961 956
434 1763 961
435 956 1763
961 1763 956
88 952 953
433 1762 952
434 953 1762
952 1762 953
435 1763 1761
434 1762 1763
433 1761 1762
1763 1762 1761
18 568 569
228 1454 568
229 569 1454
568 1454 569
67 824 825
383 1453 824
228 825 1453
824 1453 825
89 957 958
229 1458 957
383 958 1458
957 1458 958
228 1453 1454
383 1458 1453
229 1454 1458
1453 1458 1454
6 499 500
159 1247 499
160 500 1247
499 1247 500
66 818 819
380 1246 818
159 819 1246
818 1246 819
67 828 829
160 1250 828
380 829 1250
828 1250 829
159 1246 1247
380 1250 1246
160 1247 1250
1246 1250 1247
12 531 532
191 1343 531
192 532 1343
531 1343 532
89 959 960
382 1342 959
191 960 1342
959 1342 960
66 822 823
192 1347 822
382 823 1347
822 1347 823
191 1342 1343
382 1347 1342
192 1343 1347
1342 1347 1343
67 829 824
380 1711 829
383 824 1711
829 1711 824
66 823 818
382 1710 823
380 818 1710
823 1710 818
89 958 959
383 1712 958
382 959 1712
958 1712 959
380 1710 1711
382 1712 1710
383 1711 1712
1710 1712 1711
6 500 496
160 1238 500
156 496 1238
500 1238 496
67 827 828
376 1249 827
160 828 1249
827 1249 828
64 807 808
156 1239 807
376 808 1239
807 1239 808
160 1249 1238
376 1239 1249
156 1238 1239
1249 1239 1238
18 567 568
227 1451 567
228 568 1451
567 1451 568
80 905 906
384 1450 905
227 906 1450
905 1450 906
67 825 826
228 1455 825
384 826 1455
825 1455 826
227 1450 1451
384 1455 1450
228 1451 1455
1450 1455 1451
9 515 516
175 1295 515
176 516 1295
515 1295 516
64 809 810
377 1294 809
175 810 1294
809 1294 810
80 903 904
176 1299 903
377 904 1299
903 1299 904
175 1294 1295
377 1299 1294
176 1295 1299
1294 1299 1295
67 826 827
384 1704 826
376 827 1704
826 1704 827
80 904 905
377 1706 904
384 905 1706
904 1706 905
64 808 809
376 1705 808
377 809 1705
808 1705 809
384 1706 1704
377 1705 1706
376 1704 1705
1706 1705 1704
4 490 485
150 1205 490
145 485 1205
490 1205 485
57 764 765
358 1219 764
150 765 1219
764 1219 765
58 771 772
145 1206 771
358 772 1206
771 1206 772
150 1219 1205
358 1206 1219
145 1205 1206
1219 1206 1205
16 555 556
215 1414 555
216 556 1414
555 1414 556
100 1022 1023
357 1413 1022
215 1023 1413
1022 1413 1023
57 768 769
216 1419 768
357 769 1419
768 1419 769
215 1413 1414
357 1419 1413
216 1414 1419
1413 1419 1414
28 611 612
271 1560 611
272 612 1560
611 1560 612
58 773 774
359 1559 773
271 774 1559
773 1559 774
100 1026 1027
272 1564 1026
359 1027 1564
1026 1564 1027
271 1559 1560
359 1564 1559
272 1560 1564
1559 1564 1560
57 769 764
357 1687 769
358 764 1687
769 1687 764
100 1027 1022
359 1686 1027
357 1022 1686
1027 1686 1022
58 772 773
358 1688 772
359 773 1688
772 1688 773
357 1686 1687
359 1688 1686
358 1687 1688
1686 1688 1687
16 560 555
220 1415 560
215 555 1415
560 1415 555
99 1016 1017
446 1429 1016
220 1017 1429
1016 1429 1017
100 1023 1024
215 1416 1023
446 1024 1416
1023 1416 1024
220 1429 1415
446 1416 1429
215 1415 1416
1429 1416 1415
24 595 596
255 1525 595
256 596 1525
595 1525 596
116 1108 1109
445 1524 1108
255 1109 1524
1108 1524 1109
99 1020 1021
256 1528 1020
445 1021 1528
1020 1528 1021
255 1524 1525
445 1528 1524
256 1525 1528
1524 1528 1525
28 612 613
272 1563 612
273 613 1563
612 1563 613
100 1025 1026
447 1562 1025
272 1026 1562
1025 1562 1026
116 1106 1107
273 1565 1106
447 1107 1565
1106 1565 1107
272 1562 1563
447 1565 1562
273 1563 1565
1562 1565 1563
99 1021 1016
445 1774 1021
446 1016 1774
1021 1774 1016
116 1107 1108
447 1773 1107
445 1108 1773
1107 1773 1108
100 1024 1025
446 1775 1024
447 1025 1775
1024 1775 1025
445 1773 1774
447 1775 1773
446 1774 1775
1773 1775 1774
24 596 597
256 1527 596
257 597 1527
596 1527 597
99 1019 1020
411 1526 1019
256 1020 1526
1019 1526 1020
76 879 880
257 1531 879
411 880 1531
879 1531 880
256 1526 1527
411 1531 1526
257 1527 1531
1526 1531 1527
16 559 560
219 1427 559
220 560 1427
559 1427 560
77 884 885
413 1426 884
219 885 1426
884 1426 885
99 1017 1018
220 1430 1017
413 1018 1430
1017 1430 1018
219 1426 1427
413 1430 1426
220 1427 1430
1426 1430 1427
8 508 509
168 1274 508
169 509 1274
508 1274 509
76 881 882
412 1273 881
168 882 1273
881 1273 882
77 888 889
169 1278 888
412 889 1278
888 1278 889
168 1273 1274
412 1278 1273
169 1274 1278
1273 1278 1274
99 1018 1019
413 1740 1018
411 1019 1740
1018 1740 1019
77 889 884
412 1742 889
413 884 1742
889 1742 884
76 880 881
411 1741 880
412 881 1741
880 1741 881
413 1742 1740
412 1741 1742
411 1740 1741
1742 1741 1740
31 627 628
287 1599 627
288 628 1599
627 1599 628
92 974 975
437 1598 974
287 975 1598
974 1598 975
104 1047 1048
288 1603 1047
437 1048 1603
1047 1603 1048
287 1598 1599
437 1603 1598
288 1599 1603
1598 1603 1599
14 542 543
202 1375 542
203 543 1375
542 1375 543
94 986 987
436 1374 986
202 987 1374
986 1374 987
92 978 979
203 1380 978
436 979 1380
978 1380 979
202 1374 1375
436 1380 1374
203 1375 1380
1374 1380 1375
17 563 564
223 1439 563
224 564 1439
563 1439 564
104 1049 1050
438 1438 1049
223 1050 1438
1049 1438 1050
94 990 991
224 1443 990
438 991 1443
990 1443 991
223 1438 1439
438 1443 1438
224 1439 1443
1438 1443 1439
92 979 974
436 1765 979
437 974 1765
979 1765 974
94 991 986
438 1764 991
436 986 1764
991 1764 986
104 1048 1049
437 1766 1048
438 1049 1766
1048 1766 1049
436 1764 1765
438 1766 1764
437 1765 1766
1764 1766 1765
14 543 544
203 1379 543
204 544 1379
543 1379 544
92 977 978
420 1378 977
203 978 1378
977 1378 978
79 896 897
204 1383 896
420 897 1383
896 1383 897
203 1378 1379
420 1383 1378
204 1379 1383
1378 1383 1379
31 626 627
286 1596 626
287 627 1596
626 1596 627
74 869 870
406 1595 869
286 870 1595
869 1595 870
92 975 976
287 1600 975
406 976 1600
975 1600 976
286 1595 1596
406 1600 1595
287 1596 1600
1595 1600 1596
8 511 512
171 1283 511
172 512 1283
511 1283 512
79 898 899
405 1282 898
171 899 1282
898 1282 899
74 867 868
172 1286 867
405 868 1286
867 1286 868
171 1282 1283
405 1286 1282
172 1283 1286
1282 1286 1283
92 976 977
406 1736 976
420 977 1736
976 1736 977
74 868 869
405 1735 868
406 869 1735
868 1735 869
79 897 898
420 1734 897
405 898 1734
897 1734 898
406 1735 1736
405 1734 1735
420 1736 1734
1735 1734 1736
14 548 542
208 1376 548
202 542 1376
548 1376 542
61 788 789
368 1393 788
208 789 1393
788 1393 789
94 987 988
202 1377 987
368 988 1377
987 1377 988
208 1393 1376
368 1377 1393
202 1376 1377
1393 1377 1376
5 492 493
152 1226 492
153 493 1226
492 1226 493
60 787 782
367 1225 787
152 782 1225
787 1225 782
61 792 793
153 1230 792
367 793 1230
792 1230 793
152 1225 1226
367 1230 1225
153 1226 1230
1225 1230 1226
17 564 565
224 1442 564
225 565 1442
564 1442 565
94 989 990
366 1441 989
224 990 1441
989 1441 990
60 785 786
225 1445 785
366 786 1445
785 1445 786
224 1441 1442
366 1445 1441
225 1442 1445
1441 1445 1442
61 793 788
367 1697 793
368 788 1697
793 1697 788
60 786 787
366 1696 786
367 787 1696
786 1696 787
94 988 989
368 1695 988
366 989 1695
988 1695 989
367 1696 1697
366 1695 1696
368 1697 1695
1696 1695 1697
5 494 495
154 1232 494
155 495 1232
494 1232 495
62 794 795
372 1231 794
154 795 1231
794 1231 795
63 801 802
155 1235 801
372 802 1235
801 1235 802
154 1231 1232
372 1235 1231
155 1232 1235
1231 1235 1232
13 535 536
195 1354 535
196 536 1354
535 1354 536
85 932 933
371 1353 932
195 933 1353
932 1353 933
62 798 799
196 1359 798
371 799 1359
798 1359 799
195 1353 1354
371 1359 1353
196 1354 1359
1353 1359 1354
11 525 526
185 1325 525
186 526 1325
525 1325 526
63 803 804
374 1324 803
185 804 1324
803 1324 804
85 936 937
186 1329 936
374 937 1329
936 1329 937
185 1324 1325
374 1329 1324
186 1325 1329
1324 1329 1325
62 799 794
371 1702 799
372 794 1702
799 1702 794
85 937 932
374 1701 937
371 932 1701
937 1701 932
63 802 803
372 1703 802
374 803 1703
802 1703 803
371 1701 1702
374 1703 1701
372 1702 1703
1701 1703 1702
19 575 571
235 1463 575
231 571 1463
575 1463 571
91 968 969
312 1474 968
235 969 1474
968 1474 969
39 657 658
231 1464 657
312 658 1464
657 1464 658
235 1474 1463
312 1464 1474
231 1463 1464
1474 1464 1463
13 539 540
199 1367 539
200 540 1367
539 1367 540
40 662 663
314 1366 662
199 663 1366
662 1366 663
91 972 973
200 1371 972
314 973 1371
972 1371 973
199 1366 1367
314 1371 1366
200 1367 1371
1366 1371 1367
1 468 469
128 1154 468
129 469 1154
468 1154 469
39 659 660
313 1153 659
128 660 1153
659 1153 660
40 666 667
129 1158 666
313 667 1158
666 1158 667
128 1153 1154
313 1158 1153
129 1154 1158
1153 1158 1154
91 973 968
314 1641 973
312 968 1641
973 1641 968
40 667 662
313 1643 667
314 662 1643
667 1643 662
39 658 659
312 1642 658
313 659 1642
658 1642 659
314 1643 1641
313 1642 1643
312 1641 1642
1643 1642 1641
14 547 548
207 1391 547
208 548 1391
547 1391 548
90 962 963
369 1390 962
207 963 1390
962 1390 963
61 789 790
208 1394 789
369 790 1394
789 1394 790
207 1390 1391
369 1394 1390
208 1391 1394
1390 1394 1391
13 536 537
196 1358 536
197 537 1358
536 1358 537
62 797 798
373 1357 797
196 798 1357
797 1357 798
90 966 967
197 1362 966
373 967 1362
966 1362 967
196 1357 1358
373 1362 1357
197 1358 1362
1357 1362 1358
5 493 494
153 1229 493
154 494 1229
493 1229 494
61 791 792
370 1228 791
153 792 1228
791 1228 792
62 795 796
154 1233 795
370 796 1233
795 1233 796
153 1228 1229
370 1233 1228
154 1229 1233
1228 1233 1229
90 967 962
373 1698 967
369 962 1698
967 1698 962
62 796 797
370 1700 796
373 797 1700
796 1700 797
61 790 791
369 1699 790
370 791 1699
790 1699 791
373 1700 1698
370 1699 1700
369 1698 1699
1700 1699 1698
30 623 624
283 1590 623
284 624 1590
623 1590 624
68 830 831
386 1589 830
283 831 1589
830 1589 831
119 1118 1119
284 1592 1118
386 1119 1592
1118 1592 1119
283 1589 1590
386 1592 1589
284 1590 1592
1589 1592 1590
7 501 502
161 1252 501
162 502 1252
501 1252 502
73 860 861
385 1251 860
161 861 1251
860 1251 861
68 834 835
162 1257 834
385 835 1257
834 1257 835
161 1251 1252
385 1257 1251
162 1252 1257
1251 1257 1252
26 603 604
263 1543 603
264 604 1543
603 1543 604
119 1120 1121
402 1542 1120
263 1121 1542
1120 1542 1121
73 864 865
264 1546 864
402 865 1546
864 1546 865
263 1542 1543
402 1546 1542
264 1543 1546
1542 1546 1543
68 835 830
385 1714 835
386 830 1714
835 1714 830
73 865 860
402 1713 865
385 860 1713
865 1713 860
119 1119 1120
386 1715 1119
402 1120 1715
1119 1715 1120
385 1713 1714
402 1715 1713
386 1714 1715
1713 1715 1714
7 502 503
162 1256 502
163 503 1256
502 1256 503
68 833 834
388 1255 833
162 834 1255
833 1255 834
69 836 837
163 1260 836
388 837 1260
836 1260 837
162 1255 1256
388 1260 1255
163 1256 1260
1255 1260 1256
30 622 623
282 1587 622
283 623 1587
622 1587 623
86 943 938
387 1586 943
282 938 1586
943 1586 938
68 831 832
283 1591 831
387 832 1591
831 1591 832
282 1586 1587
387 1591 1586
283 1587 1591
1586 1591 1587
11 527 528
187 1331 527
188 528 1331
527 1331 528
69 838 839
389 1330 838
187 839 1330
838 1330 839
86 941 942
188 1334 941
389 942 1334
941 1334 942
187 1330 1331
389 1334 1330
188 1331 1334
1330 1334 1331
68 832 833
387 1717 832
388 833 1717
832 1717 833
86 942 943
389 1716 942
387 943 1716
942 1716 943
69 837 838
388 1718 837
389 838 1718
837 1718 838
387 1716 1717
389 1718 1716
388 1717 1718
1716 1718 1717
13 541 535
201 1355 541
195 535 1355
541 1355 535
70 842 843
392 1372 842
201 843 1372
842 1372 843
85 933 934
195 1356 933
392 934 1356
933 1356 934
201 1372 1355
392 1356 1372
195 1355 1356
1372 1356 1355
7 503 504
163 1259 503
164 504 1259
503 1259 504
69 841 836
391 1258 841
163 836 1258
841 1258 836
70 846 847
164 1263 846
391 847 1263
846 1263 847
163 1258 1259
391 1263 1258
164 1259 1263
1258 1263 1259
11 526 527
186 1328 526
187 527 1328
526 1328 527
85 935 936
390 1327 935
186 936 1327
935 1327 936
69 839 840
187 1332 839
390 840 1332
839 1332 840
186 1327 1328
390 1332 1327
187 1328 1332
1327 1332 1328
70 847 842
391 1721 847
392 842 1721
847 1721 842
69 840 841
390 1720 840
391 841 1720
840 1720 841
85 934 935
392 1719 934
390 935 1719
934 1719 935
391 1720 1721
390 1719 1720
392 1721 1719
1720 1719 1721
7 504 505
164 1262 504
165 505 1262
504 1262 505
70 845 846
394 1261 845
164 846 1261
845 1261 846
71 848 849
165 1266 848
394 849 1266
848 1266 849
164 1261 1262
394 1266 1261
165 1262 1266
1261 1266 1262
13 540 541
200 1370 540
201 541 1370
540 1370 541
91 971 972
393 1369 971
200 972 1369
971 1369 972
70 843 844
201 1373 843
393 844 1373
843 1373 844
200 1369 1370
393 1373 1369
201 1370 1373
1369 1373 1370
19 574 575
234 1472 574
235 575 1472
574 1472 575
71 850 851
395 1471 850
234 851 1471
850 1471 851
91 969 970
235 1475 969
395 970 1475
969 1475 970
234 1471 1472
395 1475 1471
235 1472 1475
1471 1475 1472
70 844 845
393 1723 844
394 845 1723
844 1723 845
91 970 971
395 1722 970
393 971 1722
970 1722 971
71 849 850
394 1724 849
395 850 1724
849 1724 850
393 1722 1723
395 1724 1722
394 1723 1724
1722 1724 1723
15 549 550
209 1396 549
210 550 1396
549 1396 550
95 992 993
440 1395 992
209 993 1395
992 1395 993
96 998 999
210 1401 998
440 999 1401
998 1401 999
209 1395 1396
440 1401 1395
210 1396 1401
1395 1401 1396
22 585 586
245 1501 585
246 586 1501
585 1501 586
110 1080 1081
439 1500 1080
245 1081 1500
1080 1500 1081
95 996 997
246 1504 996
439 997 1504
996 1504 997
245 1500 1501
439 1504 1500
246 1501 1504
1500 1504 1501
26 605 606
265 1548 605
266 606 1548
605 1548 606
96 1000 1001
443 1547 1000
265 1001 1547
1000 1547 1001
110 1078 1079
266 1550 1078
443 1079 1550
1078 1550 1079
265 1547 1548
443 1550 1547
266 1548 1550
1547 1550 1548
95 997 992
439 1768 997
440 992 1768
997 1768 992
110 1079 1080
443 1767 1079
439 1080 1767
1079 1767 1080
96 999 1000
440 1769 999
443 1000 1769
999 1769 1000
439 1767 1768
443 1769 1767
440 1768 1769
1767 1769 1768
7 506 501
166 1253 506
161 501 1253
506 1253 501
72 854 855
399 1267 854
166 855 1267
854 1267 855
73 861 862
161 1254 861
399 862 1254
861 1254 862
166 1267 1253
399 1254 1267
161 1253 1254
1267 1254 1253
15 550 551
210 1400 550
211 551 1400
550 1400 551
96 1003 998
398 1399 1003
210 998 1399
1003 1399 998
72 858 859
211 1404 858
398 859 1404
858 1404 859
210 1399 1400
398 1404 1399
211 1400 1404
1399 1404 1400
26 604 605
264 1545 604
265 605 1545
604 1545 605
73 863 864
401 1544 863
264 864 1544
863 1544 864
96 1001 1002
265 1549 1001
401 1002 1549
1001 1549 1002
264 1544 1545
401 1549 1544
265 1545 1549
1544 1549 1545
72 859 854
398 1729 859
399 854 1729
859 1729 854
96 1002 1003
401 1728 1002
398 1003 1728
1002 1728 1003
73 862 863
399 1730 862
401 863 1730
862 1730 863
398 1728 1729
401 1730 1728
399 1729 1730
1728 1730 1729
15 551 552
211 1403 551
212 552 1403
551 1403 552
72 857 858
400 1402 857
211 858 1402
857 1402 858
97 1004 1005
212 1407 1004
400 1005 1407
1004 1407 1005
211 1402 1403
400 1407 1402
212 1403 1407
1402 1407 1403
7 505 506
165 1265 505
166 506 1265
505 1265 506
71 853 848
397 1264 853
165 848 1264
853 1264 848
72 855 856
166 1268 855
397 856 1268
855 1268 856
165 1264 1265
397 1268 1264
166 1265 1268
1264 1268 1265
19 573 574
233 1469 573
234 574 1469
573 1469 574
97 1006 1007
396 1468 1006
233 1007 1468
1006 1468 1007
71 851 852
234 1473 851
396 852 1473
851 1473 852
233 1468 1469
396 1473 1468
234 1469 1473
1468 1473 1469
72 856 857
397 1727 856
400 857 1727
856 1727 857
71 852 853
396 1726 852
397 853 1726
852 1726 853
97 1005 1006
400 1725 1005
396 1006 1725
1005 1725 1006
397 1726 1727
396 1725 1726
400 1727 1725
1726 1725 1727
15 552 553
212 1406 552
213 553 1406
552 1406 553
97 1009 1004
348 1405 1009
212 1004 1405
1009 1405 1004
53 740 741
213 1410 740
348 741 1410
740 1410 741
212 1405 1406
348 1410 1405
213 1406 1410
1405 1410 1406
19 572 573
232 1466 572
233 573 1466
572 1466 573
50 725 726
341 1465 725
232 726 1465
725 1465 726
97 1007 1008
233 1470 1007
341 1008 1470
1007 1470 1008
232 1465 1466
341 1470 1465
233 1466 1470
1465 1470 1466
3 483 484
143 1199 483
144 484 1199
483 1199 484
53 742 743
340 1198 742
143 743 1198
742 1198 743
50 723 724
144 1202 723
340 724 1202
723 1202 724
143 1198 1199
340 1202 1198
144 1199 1202
1198 1202 1199
97 1008 1009
341 1670 1008
348 1009 1670
1008 1670 1009
50 724 725
340 1669 724
341 725 1669
724 1669 725
53 741 742
348 1668 741
340 742 1668
741 1668 742
341 1669 1670
340 1668 1669
348 1670 1668
1669 1668 1670
29 616 617
276 1572 616
277 617 1572
616 1572 617
98 1010 1011
345 1571 1010
276 1011 1571
1010 1571 1011
52 735 736
277 1576 735
345 736 1576
735 1576 736
276 1571 1572
345 1576 1571
277 1572 1576
1571 1576 1572
15 553 554
213 1409 553
214 554 1409
553 1409 554
53 745 740
347 1408 745
213 740 1408
745 1408 740
98 1014 1015
214 1412 1014
347 1015 1412
1014 1412 1015
213 1408 1409
347 1412 1408
214 1409 1412
1408 1412 1409
3 482 483
142 1196 482
143 483 1196
482 1196 483
52 737 738
346 1195 737
142 738 1195
737 1195 738
53 743 744
143 1200 743
346 744 1200
743 1200 744
142 1195 1196
346 1200 1195
143 1196 1200
1195 1200 1196
98 1015 1010
347 1674 1015
345 1010 1674
1015 1674 1010
53 744 745
346 1676 744
347 745 1676
744 1676 745
52 736 737
345 1675 736
346 737 1675
736 1675 737
347 1676 1674
346 1675 1676
345 1674 1675
1676 1675 1674
22 586 587
246 1503 586
247 587 1503
586 1503 587
95 995 996
442 1502 995
246 996 1502
995 1502 996
111 1083 1084
247 1507 1083
442 1084 1507
1083 1507 1084
246 1502 1503
442 1507 1502
247 1503 1507
1502 1507 1503
15 554 549
214 1397 554
209 549 1397
554 1397 549
98 1013 1014
441 1411 1013
214 1014 1411
1013 1411 1014
95 993 994
209 1398 993
441 994 1398
993 1398 994
214 1411 1397
441 1398 1411
209 1397 1398
1411 1398 1397
29 615 616
275 1569 615
276 616 1569
615 1569 616
111 1085 1086
444 1568 1085
275 1086 1568
1085 1568 1086
98 1011 1012
276 1573 1011
444 1012 1573
1011 1573 1012
275 1568 1569
444 1573 1568
276 1569 1573
1568 1573 1569
95 994 995
441 1771 994
442 995 1771
994 1771 995
98 1012 1013
444 1770 1012
441 1013 1770
1012 1770 1013
111 1084 1085
442 1772 1084
444 1085 1772
1084 1772 1085
441 1770 1771
444 1772 1770
442 1771 1772
1770 1772 1771
10 519 520
179 1306 519
180 520 1306
519 1306 520
56 758 759
356 1305 758
179 759 1305
758 1305 759
83 920 921
180 1311 920
356 921 1311
920 1311 921
179 1305 1306
356 1311 1305
180 1306 1311
1305 1311 1306
4 487 488
147 1211 487
148 488 1211
487 1211 488
55 757 752
355 1210 757
147 752 1210
757 1210 752
56 762 763
148 1215 762
355 763 1215
762 1215 763
147 1210 1211
355 1215 1210
148 1211 1215
1210 1215 1211
12 533 534
193 1349 533
194 534 1349
533 1349 534
83 922 923
354 1348 922
193 923 1348
922 1348 923
55 755 756
194 1352 755
354 756 1352
755 1352 756
193 1348 1349
354 1352 1348
194 1349 1352
1348 1352 1349
56 763 758
355 1685 763
356 758 1685
763 1685 758
55 756 757
354 1684 756
355 757 1684
756 1684 757
83 921 922
356 1683 921
354 922 1683
921 1683 922
355 1684 1685
354 1683 1684
356 1685 1683
1684 1683 1685
6 498 499
158 1244 498
159 499 1244
498 1244 499
65 812 813
379 1243 812
158 813 1243
812 1243 813
66 819 820
159 1248 819
379 820 1248
819 1248 820
158 1243 1244
379 1248 1243
159 1244 1248
1243 1248 1244
10 520 521
180 1310 520
181 521 1310
520 1310 521
83 925 920
378 1309 925
180 920 1309
925 1309 920
65 816 817
181 1314 816
378 817 1314
816 1314 817
180 1309 1310
378 1314 1309
181 1310 1314
1309 1314 1310
12 532 533
192 1346 532
193 533 1346
532 1346 533
66 821 822
381 1345 821
192 822 1345
821 1345 822
83 923 924
193 1350 923
381 924 1350
923 1350 924
192 1345 1346
381 1350 1345
193 1346 1350
1345 1350 1346
65 817 812
378 1708 817
379 812 1708
817 1708 812
83 924 925
381 1707 924
378 925 1707
924 1707 925
66 820 821
379 1709 820
381 821 1709
820 1709 821
378 1707 1708
381 1709 1707
379 1708 1709
1707 1709 1708
10 521 522
181 1313 521
182 522 1313
521 1313 522
65 815 816
322 1312 815
181 816 1312
815 1312 816
42 674 675
182 1317 674
322 675 1317
674 1317 675
181 1312 1313
322 1317 1312
182 1313 1317
1312 1317 1313
6 497 498
157 1241 497
158 498 1241
497 1241 498
43 685 680
323 1240 685
157 680 1240
685 1240 680
65 813 814
158 1245 813
323 814 1245
813 1245 814
157 1240 1241
323 1245 1240
158 1241 1245
1240 1245 1241
1 471 472
131 1163 471
132 472 1163
471 1163 472
42 676 677
320 1162 676
131 677 1162
676 1162 677
43 683 684
132 1166 683
320 684 1166
683 1166 684
131 1162 1163
320 1166 1162
132 1163 1166
1162 1166 1163
65 814 815
323 1652 814
322 815 1652
814 1652 815
43 684 685
320 1651 684
323 685 1651
684 1651 685
42 675 676
322 1650 675
320 676 1650
675 1650 676
323 1651 1652
320 1650 1651
322 1652 1650
1651 1650 1652
16 558 559
218 1424 558
219 559 1424
558 1424 559
101 1028 1029
414 1423 1028
218 1029 1423
1028 1423 1029
77 885 886
219 1428 885
414 886 1428
885 1428 886
218 1423 1424
414 1428 1423
219 1424 1428
1423 1428 1424
20 576 577
236 1477 576
237 577 1477
576 1477 577
78 890 891
416 1476 890
236 891 1476
890 1476 891
101 1032 1033
237 1482 1032
416 1033 1482
1032 1482 1033
236 1476 1477
416 1482 1476
237 1477 1482
1476 1482 1477
8 509 510
169 1277 509
170 510 1277
509 1277 510
77 887 888
415 1276 887
169 888 1276
887 1276 888
78 894 895
170 1281 894
415 895 1281
894 1281 895
169 1276 1277
415 1281 1276
170 1277 1281
1276 1281 1277
101 1033 1028
416 1743 1033
414 1028 1743
1033 1743 1028
78 895 890
415 1745 895
416 890 1745
895 1745 890
77 886 887
414 1744 886
415 887 1744
886 1744 887
416 1745 1743
415 1744 1745
414 1743 1744
1745 1744 1743
20 579 576
239 1478 579
236 576 1478
579 1478 576
93 980 981
417 1486 980
239 981 1486
980 1486 981
78 891 892
236 1479 891
417 892 1479
891 1479 892
239 1486 1478
417 1479 1486
236 1478 1479
1486 1479 1478
14 544 545
204 1382 544
205 545 1382
544 1382 545
79 901 896
419 1381 901
204 896 1381
901 1381 896
93 984 985
205 1386 984
419 985 1386
984 1386 985
204 1381 1382
419 1386 1381
205 1382 1386
1381 1386 1382
8 510 511
170 1280 510
171 511 1280
510 1280 511
78 893 894
418 1279 893
170 894 1279
893 1279 894
79 899 900
171 1284 899
418 900 1284
899 1284 900
170 1279 1280
418 1284 1279
171 1280 1284
1279 1284 1280
93 985 980
419 1746 985
417 980 1746
985 1746 980
79 900 901
418 1748 900
419 901 1748
900 1748 901
78 892 893
417 1747 892
418 893 1747
892 1747 893
419 1748 1746
418 1747 1748
417 1746 1747
1748 1747 1746
2 473 474
133 1168 473
134 474 1168
473 1168 474
44 686 687
326 1167 686
133 687 1167
686 1167 687
45 692 693
134 1173 692
326 693 1173
692 1173 693
133 1167 1168
326 1173 1167
134 1168 1173
1167 1173 1168
16 556 557
216 1418 556
217 557 1418
556 1418 557
57 767 768
325 1417 767
216 768 1417
767 1417 768
44 690 691
217 1422 690
325 691 1422
690 1422 691
216 1417 1418
325 1422 1417
217 1418 1422
1417 1422 1418
4 489 490
149 1217 489
150 490 1217
489 1217 490
45 694 695
329 1216 694
149 695 1216
694 1216 695
57 765 766
150 1220 765
329 766 1220
765 1220 766
149 1216 1217
329 1220 1216
150 1217 1220
1216 1220 1217
44 691 686
325 1654 691
326 686 1654
691 1654 686
57 766 767
329 1653 766
325 767 1653
766 1653 767
45 693 694
326 1655 693
329 694 1655
693 1655 694
325 1653 1654
329 1655 1653
326 1654 1655
1653 1655 1654
2 479 473
139 1169 479
133 473 1169
479 1169 473
49 716 717
327 1186 716
139 717 1186
716 1186 717
44 687 688
133 1170 687
327 688 1170
687 1170 688
139 1186 1169
327 1170 1186
133 1169 1170
1186 1170 1169
20 577 578
237 1481 577
238 578 1481
577 1481 578
101 1031 1032
338 1480 1031
237 1032 1480
1031 1480 1032
49 720 721
238 1485 720
338 721 1485
720 1485 721
237 1480 1481
338 1485 1480
238 1481 1485
1480 1485 1481
16 557 558
217 1421 557
218 558 1421
557 1421 558
44 689 690
328 1420 689
217 690 1420
689 1420 690
101 1029 1030
218 1425 1029
328 1030 1425
1029 1425 1030
217 1420 1421
328 1425 1420
218 1421 1425
1420 1425 1421
49 721 716
338 1656 721
327 716 1656
721 1656 716
101 1030 1031
328 1658 1030
338 1031 1658
1030 1658 1031
44 688 689
327 1657 688
328 689 1657
688 1657 689
338 1658 1656
328 1657 1658
327 1656 1657
1658 1657 1656
10 523 519
183 1307 523
179 519 1307
523 1307 519
46 698 699
332 1318 698
183 699 1318
698 1318 699
56 759 760
179 1308 759
332 760 1308
759 1308 760
183 1318 1307
332 1308 1318
179 1307 1308
1318 1308 1307
2 474 475
134 1172 474
135 475 1172
474 1172 475
45 697 692
331 1171 697
134 692 1171
697 1171 692
46 702 703
135 1176 702
331 703 1176
702 1176 703
134 1171 1172
331 1176 1171
135 1172 1176
1171 1176 1172
4 488 489
148 1214 488
149 489 1214
488 1214 489
56 761 762
330 1213 761
148 762 1213
761 1213 762
45 695 696
149 1218 695
330 696 1218
695 1218 696
148 1213 1214
330 1218 1213
149 1214 1218
1213 1218 1214
46 703 698
331 1661 703
332 698 1661
703 1661 698
45 696 697
330 1660 696
331 697 1660
696 1660 697
56 760 761
332 1659 760
330 761 1659
760 1659 761
331 1660 1661
330 1659 1660
332 1661 1659
1660 1659 1661
20 578 579
238 1484 578
239 579 1484
578 1484 579
49 719 720
339 1483 719
238 720 1483
719 1483 720
93 981 982
239 1487 981
339 982 1487
981 1487 982
238 1483 1484
339 1487 1483
239 1484 1487
1483 1487 1484
2 478 479
138 1184 478
139 479 1184
478 1184 479
48 710 711
335 1183 710
138 711 1183
710 1183 711
49 717 718
139 1187 717
335 718 1187
717 1187 718
138 1183 1184
335 1187 1183
139 1184 1187
1183 1187 1184
14 545 546
205 1385 545
206 546 1385
545 1385 546
93 983 984
337 1384 983
205 984 1384
983 1384 984
48 714 715
206 1389 714
337 715 1389
714 1389 715
205 1384 1385
337 1389 1384
206 1385 1389
1384 1389 1385
49 718 719
335 1666 718
339 719 1666
718 1666 719
48 715 710
337 1665 715
335 710 1665
715 1665 710
93 982 983
339 1667 982
337 983 1667
982 1667 983
335 1665 1666
337 1667 1665
339 1666 1667
1665 1667 1666
2 475 476
135 1175 475
136 476 1175
475 1175 476
46 701 702
319 1174 701
135 702 1174
701 1174 702
41 668 669
136 1179 668
319 669 1179
668 1179 669
135 1174 1175
319 1179 1174
136 1175 1179
1174 1179 1175
10 522 523
182 1316 522
183 523 1316
522 1316 523
42 679 674
321 1315 679
182 674 1315
679 1315 674
46 699 700
183 1319 699
321 700 1319
699 1319 700
182 1315 1316
321 1319 1315
183 1316 1319
1315 1319 1316
1 470 471
130 1160 470
131 471 1160
470 1160 471
41 670 671
317 1159 670
130 671 1159
670 1159 671
42 677 678
131 1164 677
317 678 1164
677 1164 678
130 1159 1160
317 1164 1159
131 1160 1164
1159 1164 1160
46 700 701
321 1649 700
319 701 1649
700 1649 701
42 678 679
317 1648 678
321 679 1648
678 1648 679
41 669 670
319 1647 669
317 670 1647
669 1647 670
321 1648 1649
317 1647 1648
319 1649 1647
1648 1647 1649
13 538 539
198 1364 538
199 539 1364
538 1364 539
47 704 705
315 1363 704
198 705 1363
704 1363 705
40 663 664
199 1368 663
315 664 1368
663 1368 664
198 1363 1364
315 1368 1363
199 1364 1368
1363 1368 1364
2 476 477
136 1178 476
137 477 1178
476 1178 477
41 673 668
318 1177 673
136 668 1177
673 1177 668
47 708 709
137 1182 708
318 709 1182
708 1182 709
136 1177 1178
318 1182 1177
137 1178 1182
1177 1182 1178
1 469 470
129 1157 469
130 470 1157
469 1157 470
40 665 666
316 1156 665
129 666 1156
665 1156 666
41 671 672
130 1161 671
316 672 1161
671 1161 672
129 1156 1157
316 1161 1156
130 1157 1161
1156 1161 1157
47 709 704
318 1644 709
315 704 1644
709 1644 704
41 672 673
316 1646 672
318 673 1646
672 1646 673
40 664 665
315 1645 664
316 665 1645
664 1645 665
318 1646 1644
316 1645 1646
315 1644 1645
1646 1645 1644
2 477 478
137 1181 477
138 478 1181
477 1181 478
47 707 708
334 1180 707
137 708 1180
707 1180 708
48 711 712
138 1185 711
334 712 1185
711 1185 712
137 1180 1181
334 1185 1180
138 1181 1185
1180 1185 1181
13 537 538
197 1361 537
198 538 1361
537 1361 538
90 965 966
333 1360 965
197 966 1360
965 1360 966
47 705 706
198 1365 705
333 706 1365
705 1365 706
197 1360 1361
333 1365 1360
198 1361 1365
1360 1365 1361
14 546 547
206 1388 546
207 547 1388
546 1388 547
48 713 714
336 1387 713
206 714 1387
713 1387 714
90 963 964
207 1392 963
336 964 1392
963 1392 964
206 1387 1388
336 1392 1387
207 1388 1392
1387 1392 1388
47 706 707
333 1663 706
334 707 1663
706 1663 707
90 964 965
336 1662 964
333 965 1662
964 1662 965
48 712 713
334 1664 712
336 713 1664
712 1664 713
333 1662 1663
336 1664 1662
334 1663 1664
1662 1664 1663
