81
0 0
0 0.125
0 0.25
0 0.375
0 0.5
0 0.625
0 0.75
0 0.875
0 1
0.625 0
0.99695 0.205683
0.943785 0.275127
0.69716 0.440155
1.09804 0.581589
1.09013 0.655994
0.75941 0.803645
0.70664 0.896099
0.625 1
1.25 0
1.35841 0.190179
1.27639 0.272929
1.58371 0.406093
1.40332 0.572068
1.72721 0.638114
1.28414 0.762523
1.33308 0.966142
1.25 1
1.875 0
1.94313 0.1867
2.00949 0.272066
2.23145 0.4299
2.34567 0.532986
2.22724 0.719343
2.1658 0.838015
2.2498 0.912962
1.875 1
2.5 0
2.86278 0.14128
2.9781 0.269623
2.88809 0.43633
2.58114 0.503105
2.64431 0.722106
2.97525 0.772805
2.97926 0.942986
2.5 1
3.125 0
3.15248 0.184984
3.32158 0.271537
3.2162 0.382675
3.12871 0.578878
3.13389 0.712794
3.30127 0.822214
3.60922 0.890567
3.125 1
3.75 0
3.83148 0.15634
3.76469 0.285763
3.7636 0.454367
4.24962 0.511024
4.0613 0.638257
3.90502 0.763479
3.86167 0.914655
3.75 1
4.375 0
4.44257 0.149106
4.83876 0.28911
4.63063 0.38429
4.38585 0.515953
4.79726 0.712915
4.46849 0.84913
4.73102 0.962136
4.375 1
5 0
5 0.125
5 0.25
5 0.375
5 0.5
5 0.625
5 0.75
5 0.875
5 1
128
22 21 20
44 51 54
35 33 45
23 14 21
22 20 28
41 31 37
21 12 11
13 14 15
11 12 10
21 14 12
34 33 35
20 19 28
13 12 14
15 14 25
24 25 23
27 15 25
33 42 45
71 69 80
42 43 44
60 61 58
69 68 67
59 56 65
62 61 72
43 40 50
41 32 31
60 59 70
56 55 64
77 67 66
30 31 24
69 67 77
64 65 56
10 12 13
1 10 2
29 22 28
24 26 25
21 19 20
38 40 41
37 29 28
33 34 24
55 48 46
19 11 10
19 21 11
30 22 29
23 21 22
37 30 29
31 33 24
37 31 30
37 38 41
2 10 3
3 10 13
4 3 13
6 13 17
5 4 13
5 13 6
6 17 7
18 17 27
16 13 15
7 18 8
8 18 9
27 17 16
18 7 17
27 16 15
17 13 16
27 26 36
27 25 26
36 34 35
24 22 30
35 45 36
44 43 51
42 40 43
24 23 22
25 14 23
36 24 34
36 26 24
33 32 42
33 31 32
42 41 40
42 32 41
52 50 49
40 38 39
52 51 50
43 50 51
54 52 53
54 51 52
61 62 53
45 42 44
44 54 45
53 63 54
53 62 63
59 68 70
62 72 63
71 81 72
69 70 68
72 60 70
70 71 72
80 81 71
58 49 48
60 72 61
58 57 59
47 39 38
79 69 78
71 70 69
80 69 79
60 58 59
38 37 46
55 57 48
66 75 76
69 77 78
66 76 77
46 47 38
49 40 39
58 52 49
50 40 49
58 48 57
49 39 47
53 58 61
53 52 58
65 67 68
48 47 46
48 49 47
66 67 65
57 56 59
57 55 56
66 65 73
59 65 68
64 73 65
66 74 75
66 73 74
