81
0 0
0 0.125
0 0.25
0 0.375
0 0.5
0 0.625
0 0.75
0 0.875
0 1
0.625 0
0.99695 0.205683
0.943785 0.275127
0.69716 0.440155
1.09804 0.581589
1.09013 0.655994
0.75941 0.803645
0.70664 0.896099
0.625 1
1.25 0
1.35841 0.190179
1.27639 0.272929
1.58371 0.406093
1.40332 0.572068
1.72721 0.638114
1.28414 0.762523
1.33308 0.966142
1.25 1
1.875 0
1.94313 0.1867
2.00949 0.272066
2.23145 0.4299
2.34567 0.532986
2.22724 0.719343
2.1658 0.838015
2.2498 0.912962
1.875 1
2.5 0
2.86278 0.14128
2.9781 0.269623
2.88809 0.43633
2.58114 0.503105
2.64431 0.722106
2.97525 0.772805
2.97926 0.942986
2.5 1
3.125 0
3.15248 0.184984
3.32158 0.271537
3.2162 0.382675
3.12871 0.578878
3.13389 0.712794
3.30127 0.822214
3.60922 0.890567
3.125 1
3.75 0
3.83148 0.15634
3.76469 0.285763
3.7636 0.454367
4.24962 0.511024
4.0613 0.638257
3.90502 0.763479
3.86167 0.914655
3.75 1
4.375 0
4.44257 0.149106
4.83876 0.28911
4.63063 0.38429
4.38585 0.515953
4.79726 0.712915
4.46849 0.84913
4.73102 0.962136
4.375 1
5 0
5 0.125
5 0.25
5 0.375
5 0.5
5 0.625
5 0.75
5 0.875
5 1
128
58 49 57
78 79 69
78 68 77
79 70 69
50 32 41
42 32 50
65 74 75
74 64 73
64 74 65
68 67 77
67 58 57
29 28 37
32 31 41
4 13 5
13 22 23
22 32 23
22 31 32
2 11 3
20 11 19
28 20 19
20 28 29
11 20 21
11 12 3
12 4 3
4 12 13
12 11 21
22 12 21
12 22 13
47 48 39
49 48 57
48 49 39
64 56 55
56 64 65
56 46 55
46 56 47
56 65 57
48 56 57
56 48 47
15 24 25
24 15 23
32 24 23
63 54 53
80 70 79
60 78 69
78 60 68
60 50 58
36 35 45
6 15 7
67 76 77
67 59 58
59 67 68
59 60 58
60 59 68
31 30 39
22 30 31
30 22 21
20 30 21
30 20 29
49 40 39
40 31 39
31 40 41
40 50 41
50 40 58
40 49 58
10 2 1
11 10 19
2 10 11
46 38 37
38 46 47
38 29 37
38 47 39
30 38 39
38 30 29
44 54 45
35 44 45
54 44 53
71 80 81
72 71 81
80 71 70
71 72 70
62 72 63
62 63 53
72 62 70
61 62 53
62 61 70
70 61 69
61 60 69
8 18 9
17 18 8
18 17 27
16 8 7
16 17 8
17 16 25
16 15 25
15 16 7
34 33 42
33 32 42
33 24 32
24 33 25
33 34 25
26 36 27
34 26 25
36 26 35
26 34 35
26 17 25
17 26 27
14 6 5
13 14 5
6 14 15
14 13 23
15 14 23
76 66 75
66 76 67
66 65 75
65 66 57
66 67 57
34 43 35
43 44 35
43 34 42
52 61 53
44 52 53
43 52 44
60 51 50
61 51 60
51 42 50
51 43 42
52 51 61
51 52 43
