81
0 0
0 0.125
0 0.25
0 0.375
0 0.5
0 0.625
0 0.75
0 0.875
0 1
0.125 0
0.19939 0.205683
0.188757 0.275127
0.139432 0.440155
0.219609 0.581589
0.218025 0.655994
0.151882 0.803645
0.141328 0.896099
0.125 1
0.25 0
0.271681 0.190179
0.255278 0.272929
0.316743 0.406093
0.280663 0.572068
0.345441 0.638114
0.256828 0.762523
0.266615 0.966142
0.25 1
0.375 0
0.388626 0.1867
0.401898 0.272066
0.44629 0.4299
0.469135 0.532986
0.445449 0.719343
0.433159 0.838015
0.449961 0.912962
0.375 1
0.5 0
0.572556 0.14128
0.59562 0.269623
0.577619 0.43633
0.516228 0.503105
0.528863 0.722106
0.59505 0.772805
0.595853 0.942986
0.5 1
0.625 0
0.630497 0.184984
0.664315 0.271537
0.64324 0.382675
0.625742 0.578878
0.626779 0.712794
0.660254 0.822214
0.721845 0.890567
0.625 1
0.75 0
0.766296 0.15634
0.752938 0.285763
0.752719 0.454367
0.849923 0.511024
0.81226 0.638257
0.781003 0.763479
0.772333 0.914655
0.75 1
0.875 0
0.888514 0.149106
0.967752 0.28911
0.926126 0.38429
0.87717 0.515953
0.959452 0.712915
0.893699 0.84913
0.946203 0.962136
0.875 1
1 0
1 0.125
1 0.25
1 0.375
1 0.5
1 0.625
1 0.75
1 0.875
1 1
128
49 58 57
78 79 69
78 68 77
70 79 69
32 50 41
32 42 50
74 65 75
74 64 73
74 64 65
67 68 77
67 58 57
28 29 37
31 32 41
4 13 5
22 13 23
22 32 23
22 31 32
2 11 3
20 11 19
20 28 19
20 28 29
20 11 21
12 11 3
12 4 3
12 4 13
12 11 21
12 22 21
12 22 13
48 47 39
48 49 57
48 49 39
56 64 55
56 64 65
56 46 55
56 46 47
56 65 57
56 48 57
56 48 47
24 15 25
24 15 23
24 32 23
54 63 53
80 70 79
60 78 69
60 78 68
60 50 58
36 35 45
6 15 7
76 67 77
59 67 58
59 67 68
59 60 58
59 60 68
30 31 39
30 22 31
30 22 21
30 20 21
30 20 29
40 49 39
40 31 39
40 31 41
40 50 41
40 50 58
40 49 58
10 2 1
10 11 19
10 2 11
38 46 37
38 46 47
38 29 37
38 47 39
38 30 39
38 30 29
44 54 45
44 35 45
44 54 53
71 80 81
71 72 81
71 80 70
71 72 70
62 72 63
62 63 53
62 72 70
61 62 53
61 62 70
61 70 69
61 60 69
18 8 9
18 17 8
18 17 27
16 8 7
16 17 8
16 17 25
16 15 25
16 15 7
33 34 42
33 32 42
33 24 32
33 24 25
33 34 25
26 36 27
26 34 25
26 36 35
26 34 35
26 17 25
26 17 27
14 6 5
14 13 5
14 6 15
14 13 23
14 15 23
66 76 75
66 76 67
66 65 75
66 65 57
66 67 57
43 34 35
43 44 35
43 34 42
52 61 53
52 44 53
52 43 44
51 60 50
51 61 60
51 42 50
51 43 42
51 52 61
51 52 43
