81
0 0
1 0
0.707107 0.707107
0 1
-0.707107 0.707107
-1 0
-0.707107 -0.707107
-0 -1
0.707107 -0.707107
0.5 0
0.353553 0.353553
0 0.5
-0.353553 0.353553
-0.5 0
-0.353553 -0.353553
0 -0.5
0.353553 -0.353553
0.92388 0.382683
0.92388 -0.382683
0.382683 0.92388
-0.382683 0.92388
-0.92388 0.382683
-0.92388 -0.382683
-0.382683 -0.92388
0.382683 -0.92388
0.25 0
0.176777 0.176777
0 0.25
-0.176777 0.176777
-0.25 0
-0.176777 -0.176777
0 -0.25
0.176777 -0.176777
0.98229 0.187365
0.75 0
0.98229 -0.187365
0.562097 0.827072
0.53033 0.53033
0.827072 0.562097
-0.187365 0.98229
0 0.75
0.187365 0.98229
-0.827072 0.562097
-0.53033 0.53033
-0.562097 0.827072
-0.98229 -0.187365
-0.75 0
-0.98229 0.187365
-0.562097 -0.827072
-0.53033 -0.53033
-0.827072 -0.562097
0.187365 -0.98229
0 -0.75
-0.187365 -0.98229
0.827072 -0.562097
0.53033 -0.53033
0.562097 -0.827072
0.676777 0.176777
0.426777 0.176777
0.426777 -0.176777
0.676777 -0.176777
0.353553 0.603553
0.176777 0.426777
0.603553 0.353553
-0.176777 0.676777
-0.176777 0.426777
0.176777 0.676777
-0.603553 0.353553
-0.426777 0.176777
-0.353553 0.603553
-0.676777 -0.176777
-0.426777 -0.176777
-0.676777 0.176777
-0.353553 -0.603553
-0.176777 -0.426777
-0.603553 -0.353553
0.176777 -0.676777
0.176777 -0.426777
-0.176777 -0.676777
0.603553 -0.353553
0.353553 -0.603553
128
1 26 27
10 59 26
11 27 59
26 59 27
2 34 35
18 58 34
10 35 58
34 58 35
3 38 39
11 64 38
18 39 64
38 64 39
10 58 59
18 64 58
11 59 64
58 64 59
1 27 28
11 63 27
12 28 63
27 63 28
3 37 38
20 62 37
11 38 62
37 62 38
4 41 42
12 67 41
20 42 67
41 67 42
11 62 63
20 67 62
12 63 67
62 67 63
1 28 29
12 66 28
13 29 66
28 66 29
4 40 41
21 65 40
12 41 65
40 65 41
5 44 45
13 70 44
21 45 70
44 70 45
12 65 66
21 70 65
13 66 70
65 70 66
1 29 30
13 69 29
14 30 69
29 69 30
5 43 44
22 68 43
13 44 68
43 68 44
6 47 48
14 73 47
22 48 73
47 73 48
13 68 69
22 73 68
14 69 73
68 73 69
1 30 31
14 72 30
15 31 72
30 72 31
6 46 47
23 71 46
14 47 71
46 71 47
7 50 51
15 76 50
23 51 76
50 76 51
14 71 72
23 76 71
15 72 76
71 76 72
1 31 32
15 75 31
16 32 75
31 75 32
7 49 50
24 74 49
15 50 74
49 74 50
8 53 54
16 79 53
24 54 79
53 79 54
15 74 75
24 79 74
16 75 79
74 79 75
1 32 33
16 78 32
17 33 78
32 78 33
8 52 53
25 77 52
16 53 77
52 77 53
9 56 57
17 81 56
25 57 81
56 81 57
16 77 78
25 81 77
17 78 81
77 81 78
1 33 26
17 60 33
10 26 60
33 60 26
9 55 56
19 80 55
17 56 80
55 80 56
2 35 36
10 61 35
19 36 61
35 61 36
17 80 60
19 61 80
10 60 61
80 61 60
