25
0 0
1 0
0.707107 0.707107
0 1
-0.707107 0.707107
-1 0
-0.707107 -0.707107
-0 -1
0.707107 -0.707107
0.5 0
0.353553 0.353553
0 0.5
-0.353553 0.353553
-0.5 0
-0.353553 -0.353553
0 -0.5
0.353553 -0.353553
0.92388 0.382683
0.92388 -0.382683
0.382683 0.92388
-0.382683 0.92388
-0.92388 0.382683
-0.92388 -0.382683
-0.382683 -0.92388
0.382683 -0.92388
32
1 10 11
2 18 10
3 11 18
10 18 11
1 11 12
3 20 11
4 12 20
11 20 12
1 12 13
4 21 12
5 13 21
12 21 13
1 13 14
5 22 13
6 14 22
13 22 14
1 14 15
6 23 14
7 15 23
14 23 15
1 15 16
7 24 15
8 16 24
15 24 16
1 16 17
8 25 16
9 17 25
16 25 17
1 17 10
9 19 17
2 10 19
17 19 10
