1089
0 0
1 0
0.707107 0.707107
0 1
-0.707107 0.707107
-1 0
-0.707107 -0.707107
-0 -1
0.707107 -0.707107
0.5 0
0.353553 0.353553
0 0.5
-0.353553 0.353553
-0.5 0
-0.353553 -0.353553
0 -0.5
0.353553 -0.353553
0.92388 0.382683
0.92388 -0.382683
0.382683 0.92388
-0.382683 0.92388
-0.92388 0.382683
-0.92388 -0.382683
-0.382683 -0.92388
0.382683 -0.92388
0.25 0
0.176777 0.176777
0 0.25
-0.176777 0.176777
-0.25 0
-0.176777 -0.176777
0 -0.25
0.176777 -0.176777
0.98229 0.187365
0.75 0
0.98229 -0.187365
0.562097 0.827072
0.53033 0.53033
0.827072 0.562097
-0.187365 0.98229
0 0.75
0.187365 0.98229
-0.827072 0.562097
-0.53033 0.53033
-0.562097 0.827072
-0.98229 -0.187365
-0.75 0
-0.98229 0.187365
-0.562097 -0.827072
-0.53033 -0.53033
-0.827072 -0.562097
0.187365 -0.98229
0 -0.75
-0.187365 -0.98229
0.827072 -0.562097
0.53033 -0.53033
0.562097 -0.827072
0.676777 0.176777
0.426777 0.176777
0.426777 -0.176777
0.676777 -0.176777
0.353553 0.603553
0.176777 0.426777
0.603553 0.353553
-0.176777 0.676777
-0.176777 0.426777
0.176777 0.676777
-0.603553 0.353553
-0.426777 0.176777
-0.353553 0.603553
-0.676777 -0.176777
-0.426777 -0.176777
-0.676777 0.176777
-0.353553 -0.603553
-0.176777 -0.426777
-0.603553 -0.353553
0.176777 -0.676777
0.176777 -0.426777
-0.176777 -0.676777
0.603553 -0.353553
0.353553 -0.603553
0.125 0
0.0883885 0.0883885
0 0.125
-0.0883885 0.0883885
-0.125 0
-0.0883885 -0.0883885
0 -0.125
0.0883885 -0.0883885
0.995563 0.0941001
0.875 0
0.995563 -0.0941001
0.63743 0.770508
0.618718 0.618718
0.770508 0.63743
-0.0941001 0.995563
0 0.875
0.0941001 0.995563
-0.770508 0.63743
-0.618718 0.618718
-0.63743 0.770508
-0.995563 -0.0941001
-0.875 0
-0.995563 0.0941001
-0.63743 -0.770508
-0.618718 -0.618718
-0.770508 -0.63743
0.0941001 -0.995563
0 -0.875
-0.0941001 -0.995563
0.770508 -0.63743
0.618718 -0.618718
0.63743 -0.770508
0.463388 0.0883885
0.375 0
0.463388 -0.0883885
0.588388 -0.0883885
0.625 0
0.588388 0.0883885
0.265165 0.265165
0.390165 0.265165
0.478553 0.353553
0.441941 0.441941
0.353553 0.478553
0.265165 0.390165
0 0.375
0.0883885 0.463388
0.0883885 0.588388
0 0.625
-0.0883885 0.588388
-0.0883885 0.463388
-0.265165 0.265165
-0.265165 0.390165
-0.353553 0.478553
-0.441941 0.441941
-0.478553 0.353553
-0.390165 0.265165
-0.375 0
-0.463388 0.0883885
-0.588388 0.0883885
-0.625 0
-0.588388 -0.0883885
-0.463388 -0.0883885
-0.265165 -0.265165
-0.390165 -0.265165
-0.478553 -0.353553
-0.441941 -0.441941
-0.353553 -0.478553
-0.265165 -0.390165
0 -0.375
-0.0883885 -0.463388
-0.0883885 -0.588388
0 -0.625
0.0883885 -0.588388
0.0883885 -0.463388
0.265165 -0.265165
0.265165 -0.390165
0.353553 -0.478553
0.441941 -0.441941
0.478553 -0.353553
0.390165 -0.265165
0.88006 0.474863
0.763717 0.368118
0.800328 0.27973
0.958075 0.286516
0.958075 -0.286516
0.800328 -0.27973
0.763717 -0.368118
0.88006 -0.474863
0.286516 0.958075
0.27973 0.800328
0.368118 0.763717
0.474863 0.88006
-0.474863 0.88006
-0.368118 0.763717
-0.27973 0.800328
-0.286516 0.958075
-0.958075 0.286516
-0.800328 0.27973
-0.763717 0.368118
-0.88006 0.474863
-0.88006 -0.474863
-0.763717 -0.368118
-0.800328 -0.27973
-0.958075 -0.286516
-0.286516 -0.958075
-0.27973 -0.800328
-0.368118 -0.763717
-0.474863 -0.88006
0.474863 -0.88006
0.368118 -0.763717
0.27973 -0.800328
0.286516 -0.958075
0.338388 0.0883885
0.213388 0.0883885
0.213388 -0.0883885
0.338388 -0.0883885
0.176777 0.301777
0.0883885 0.213388
0.301777 0.176777
-0.0883885 0.338388
-0.0883885 0.213388
0.0883885 0.338388
-0.301777 0.176777
-0.213388 0.0883885
-0.176777 0.301777
-0.338388 -0.0883885
-0.213388 -0.0883885
-0.338388 0.0883885
-0.176777 -0.301777
-0.0883885 -0.213388
-0.301777 -0.176777
0.0883885 -0.338388
0.0883885 -0.213388
-0.0883885 -0.338388
0.301777 -0.176777
0.176777 -0.301777
0.829533 0.182071
0.866145 0.0936825
0.713388 -0.0883885
0.866145 -0.0936825
0.713388 0.0883885
0.829533 -0.182071
0.457825 0.715313
0.546213 0.678701
0.566941 0.441941
0.678701 0.546213
0.441941 0.566941
0.715313 0.457825
-0.182071 0.829533
-0.0936825 0.866145
0.0883885 0.713388
0.0936825 0.866145
-0.0883885 0.713388
0.182071 0.829533
-0.715313 0.457825
-0.678701 0.546213
-0.441941 0.566941
-0.546213 0.678701
-0.566941 0.441941
-0.457825 0.715313
-0.829533 -0.182071
-0.866145 -0.0936825
-0.713388 0.0883885
-0.866145 0.0936825
-0.713388 -0.0883885
-0.829533 0.182071
-0.457825 -0.715313
-0.546213 -0.678701
-0.566941 -0.441941
-0.678701 -0.546213
-0.441941 -0.566941
-0.715313 -0.457825
0.182071 -0.829533
0.0936825 -0.866145
-0.0883885 -0.713388
-0.0936825 -0.866145
0.0883885 -0.713388
-0.182071 -0.829533
0.715313 -0.457825
0.678701 -0.546213
0.441941 -0.566941
0.546213 -0.678701
0.566941 -0.441941
0.457825 -0.715313
0.640165 0.265165
0.551777 0.176777
0.515165 0.265165
0.515165 -0.265165
0.551777 -0.176777
0.640165 -0.265165
0.265165 0.640165
0.265165 0.515165
0.176777 0.551777
-0.265165 0.640165
-0.176777 0.551777
-0.265165 0.515165
-0.640165 0.265165
-0.515165 0.265165
-0.551777 0.176777
-0.640165 -0.265165
-0.551777 -0.176777
-0.515165 -0.265165
-0.265165 -0.640165
-0.265165 -0.515165
-0.176777 -0.551777
0.265165 -0.640165
0.176777 -0.551777
0.265165 -0.515165
0.0625 0
0.0441942 0.0441942
0 0.0625
-0.0441942 0.0441942
-0.0625 0
-0.0441942 -0.0441942
0 -0.0625
0.0441942 -0.0441942
0.99889 0.0471023
0.9375 0
0.99889 -0.0471023
0.673015 0.739628
0.662913 0.662913
0.739628 0.673015
-0.0471023 0.99889
0 0.9375
0.0471023 0.99889
-0.739628 0.673015
-0.662913 0.662913
-0.673015 0.739628
-0.99889 -0.0471023
-0.9375 0
-0.99889 0.0471023
-0.673015 -0.739628
-0.662913 -0.662913
-0.739628 -0.673015
0.0471023 -0.99889
0 -0.9375
-0.0471023 -0.99889
0.739628 -0.673015
0.662913 -0.662913
0.673015 -0.739628
0.481694 0.0441942
0.4375 0
0.481694 -0.0441942
0.544194 -0.0441942
0.5625 0
0.544194 0.0441942
0.309359 0.309359
0.371859 0.309359
0.416053 0.353553
0.397747 0.397747
0.353553 0.416053
0.309359 0.371859
0 0.4375
0.0441942 0.481694
0.0441942 0.544194
0 0.5625
-0.0441942 0.544194
-0.0441942 0.481694
-0.309359 0.309359
-0.309359 0.371859
-0.353553 0.416053
-0.397747 0.397747
-0.416053 0.353553
-0.371859 0.309359
-0.4375 0
-0.481694 0.0441942
-0.544194 0.0441942
-0.5625 0
-0.544194 -0.0441942
-0.481694 -0.0441942
-0.309359 -0.309359
-0.371859 -0.309359
-0.416053 -0.353553
-0.397747 -0.397747
-0.353553 -0.416053
-0.309359 -0.371859
0 -0.4375
-0.0441942 -0.481694
-0.0441942 -0.544194
0 -0.5625
0.0441942 -0.544194
0.0441942 -0.481694
0.309359 -0.309359
0.309359 -0.371859
0.353553 -0.416053
0.397747 -0.397747
0.416053 -0.353553
0.371859 -0.309359
0.903147 0.429332
0.843799 0.375401
0.862104 0.331206
0.942205 0.335036
0.942205 -0.335036
0.862104 -0.331206
0.843799 -0.375401
0.903147 -0.429332
0.335036 0.942205
0.331206 0.862104
0.375401 0.843799
0.429332 0.903147
-0.429332 0.903147
-0.375401 0.843799
-0.331206 0.862104
-0.335036 0.942205
-0.942205 0.335036
-0.862104 0.331206
-0.843799 0.375401
-0.903147 0.429332
-0.903147 -0.429332
-0.843799 -0.375401
-0.862104 -0.331206
-0.942205 -0.335036
-0.335036 -0.942205
-0.331206 -0.862104
-0.375401 -0.843799
-0.429332 -0.903147
0.429332 -0.903147
0.375401 -0.843799
0.331206 -0.862104
0.335036 -0.942205
0.231694 0.0441942
0.1875 0
0.231694 -0.0441942
0.294194 -0.0441942
0.3125 0
0.294194 0.0441942
0.132583 0.132583
0.195082 0.132583
0.239277 0.176777
0.220971 0.220971
0.176777 0.239277
0.132583 0.195082
0 0.1875
0.0441942 0.231694
0.0441942 0.294194
0 0.3125
-0.0441942 0.294194
-0.0441942 0.231694
-0.132583 0.132583
-0.132583 0.195082
-0.176777 0.239277
-0.220971 0.220971
-0.239277 0.176777
-0.195082 0.132583
-0.1875 0
-0.231694 0.0441942
-0.294194 0.0441942
-0.3125 0
-0.294194 -0.0441942
-0.231694 -0.0441942
-0.132583 -0.132583
-0.195082 -0.132583
-0.239277 -0.176777
-0.220971 -0.220971
-0.176777 -0.239277
-0.132583 -0.195082
0 -0.1875
-0.0441942 -0.231694
-0.0441942 -0.294194
0 -0.3125
0.0441942 -0.294194
0.0441942 -0.231694
0.132583 -0.132583
0.132583 -0.195082
0.176777 -0.239277
0.220971 -0.220971
0.239277 -0.176777
0.195082 -0.132583
0.971449 0.23725
0.905911 0.184718
0.924218 0.140524
0.990025 0.140889
0.8125 0
0.808072 0.0468413
0.731694 0.0441942
0.6875 0
0.731694 -0.0441942
0.808072 -0.0468413
0.990025 -0.140889
0.924218 -0.140524
0.905911 -0.184718
0.971449 -0.23725
0.519156 0.854679
0.509961 0.771192
0.554155 0.752887
0.60043 0.799677
0.604515 0.538272
0.574524 0.574524
0.538272 0.604515
0.486135 0.548636
0.486135 0.486135
0.548636 0.486135
0.799677 0.60043
0.752887 0.554155
0.771192 0.509961
0.854679 0.519156
-0.23725 0.971449
-0.184718 0.905911
-0.140524 0.924218
-0.140889 0.990025
0.0468413 0.808072
0 0.8125
-0.0468413 0.808072
-0.0441942 0.731694
0 0.6875
0.0441942 0.731694
0.140889 0.990025
0.140524 0.924218
0.184718 0.905911
0.23725 0.971449
-0.854679 0.519156
-0.771192 0.509961
-0.752887 0.554155
-0.799677 0.60043
-0.538272 0.604515
-0.574524 0.574524
-0.604515 0.538272
-0.548636 0.486135
-0.486135 0.486135
-0.486135 0.548636
-0.60043 0.799677
-0.554155 0.752887
-0.509961 0.771192
-0.519156 0.854679
-0.971449 -0.23725
-0.905911 -0.184718
-0.924218 -0.140524
-0.990025 -0.140889
-0.808072 0.0468413
-0.8125 0
-0.808072 -0.0468413
-0.731694 -0.0441942
-0.6875 0
-0.731694 0.0441942
-0.990025 0.140889
-0.924218 0.140524
-0.905911 0.184718
-0.971449 0.23725
-0.519156 -0.854679
-0.509961 -0.771192
-0.554155 -0.752887
-0.60043 -0.799677
-0.604515 -0.538272
-0.574524 -0.574524
-0.538272 -0.604515
-0.486135 -0.548636
-0.486135 -0.486135
-0.548636 -0.486135
-0.799677 -0.60043
-0.752887 -0.554155
-0.771192 -0.509961
-0.854679 -0.519156
0.23725 -0.971449
0.184718 -0.905911
0.140524 -0.924218
0.140889 -0.990025
-0.0468413 -0.808072
0 -0.8125
0.0468413 -0.808072
0.0441942 -0.731694
0 -0.6875
-0.0441942 -0.731694
-0.140889 -0.990025
-0.140524 -0.924218
-0.184718 -0.905911
-0.23725 -0.971449
0.854679 -0.519156
0.771192 -0.509961
0.752887 -0.554155
0.799677 -0.60043
0.538272 -0.604515
0.574524 -0.574524
0.604515 -0.538272
0.548636 -0.486135
0.486135 -0.486135
0.486135 -0.548636
0.60043 -0.799677
0.554155 -0.752887
0.509961 -0.771192
0.519156 -0.854679
0.753155 0.179424
0.738552 0.228253
0.658471 0.220971
0.614277 0.176777
0.632583 0.132583
0.695083 0.132583
0.382583 0.132583
0.445083 0.132583
0.489277 0.176777
0.470971 0.220971
0.408471 0.220971
0.364277 0.176777
0.364277 -0.176777
0.408471 -0.220971
0.470971 -0.220971
0.489277 -0.176777
0.445083 -0.132583
0.382583 -0.132583
0.695083 -0.132583
0.632583 -0.132583
0.614277 -0.176777
0.658471 -0.220971
0.738552 -0.228253
0.753155 -0.179424
0.405689 0.659433
0.360835 0.683635
0.309359 0.621859
0.309359 0.559359
0.353553 0.541053
0.397747 0.585247
0.176777 0.364277
0.220971 0.408471
0.220971 0.470971
0.176777 0.489277
0.132583 0.445083
0.132583 0.382583
0.585247 0.397747
0.541053 0.353553
0.559359 0.309359
0.621859 0.309359
0.683635 0.360835
0.659433 0.405689
-0.179424 0.753155
-0.228253 0.738552
-0.220971 0.658471
-0.176777 0.614277
-0.132583 0.632583
-0.132583 0.695083
-0.132583 0.382583
-0.132583 0.445083
-0.176777 0.489277
-0.220971 0.470971
-0.220971 0.408471
-0.176777 0.364277
0.132583 0.695083
0.132583 0.632583
0.176777 0.614277
0.220971 0.658471
0.228253 0.738552
0.179424 0.753155
-0.659433 0.405689
-0.683635 0.360835
-0.621859 0.309359
-0.559359 0.309359
-0.541053 0.353553
-0.585247 0.397747
-0.364277 0.176777
-0.408471 0.220971
-0.470971 0.220971
-0.489277 0.176777
-0.445083 0.132583
-0.382583 0.132583
-0.397747 0.585247
-0.353553 0.541053
-0.309359 0.559359
-0.309359 0.621859
-0.360835 0.683635
-0.405689 0.659433
-0.753155 -0.179424
-0.738552 -0.228253
-0.658471 -0.220971
-0.614277 -0.176777
-0.632583 -0.132583
-0.695083 -0.132583
-0.382583 -0.132583
-0.445083 -0.132583
-0.489277 -0.176777
-0.470971 -0.220971
-0.408471 -0.220971
-0.364277 -0.176777
-0.695083 0.132583
-0.632583 0.132583
-0.614277 0.176777
-0.658471 0.220971
-0.738552 0.228253
-0.753155 0.179424
-0.405689 -0.659433
-0.360835 -0.683635
-0.309359 -0.621859
-0.309359 -0.559359
-0.353553 -0.541053
-0.397747 -0.585247
-0.176777 -0.364277
-0.220971 -0.408471
-0.220971 -0.470971
-0.176777 -0.489277
-0.132583 -0.445083
-0.132583 -0.382583
-0.585247 -0.397747
-0.541053 -0.353553
-0.559359 -0.309359
-0.621859 -0.309359
-0.683635 -0.360835
-0.659433 -0.405689
0.179424 -0.753155
0.228253 -0.738552
0.220971 -0.658471
0.176777 -0.614277
0.132583 -0.632583
0.132583 -0.695083
0.132583 -0.382583
0.132583 -0.445083
0.176777 -0.489277
0.220971 -0.470971
0.220971 -0.408471
0.176777 -0.364277
-0.132583 -0.695083
-0.132583 -0.632583
-0.176777 -0.614277
-0.220971 -0.658471
-0.228253 -0.738552
-0.179424 -0.753155
0.659433 -0.405689
0.683635 -0.360835
0.621859 -0.309359
0.559359 -0.309359
0.541053 -0.353553
0.585247 -0.397747
0.397747 -0.585247
0.353553 -0.541053
0.309359 -0.559359
0.309359 -0.621859
0.360835 -0.683635
0.405689 -0.659433
0.169194 0.0441942
0.106694 0.0441942
0.106694 -0.0441942
0.169194 -0.0441942
0.0883885 0.150888
0.0441942 0.106694
0.150888 0.0883885
-0.0441942 0.169194
-0.0441942 0.106694
0.0441942 0.169194
-0.150888 0.0883885
-0.106694 0.0441942
-0.0883885 0.150888
-0.169194 -0.0441942
-0.106694 -0.0441942
-0.169194 0.0441942
-0.0883885 -0.150888
-0.0441942 -0.106694
-0.150888 -0.0883885
0.0441942 -0.169194
0.0441942 -0.106694
-0.0441942 -0.169194
0.150888 -0.0883885
0.0883885 -0.150888
0.930854 0.0938913
0.935281 0.0470501
0.870572 -0.0468413
0.935281 -0.0470501
0.870572 0.0468413
0.930854 -0.0938913
0.591822 0.724604
0.628074 0.694613
0.64871 0.582465
0.694613 0.628074
0.582465 0.64871
0.724604 0.591822
-0.0938913 0.930854
-0.0470501 0.935281
0.0468413 0.870572
0.0470501 0.935281
-0.0468413 0.870572
0.0938913 0.930854
-0.724604 0.591822
-0.694613 0.628074
-0.582465 0.64871
-0.628074 0.694613
-0.64871 0.582465
-0.591822 0.724604
-0.930854 -0.0938913
-0.935281 -0.0470501
-0.870572 0.0468413
-0.935281 0.0470501
-0.870572 -0.0468413
-0.930854 0.0938913
-0.591822 -0.724604
-0.628074 -0.694613
-0.64871 -0.582465
-0.694613 -0.628074
-0.582465 -0.64871
-0.724604 -0.591822
0.0938913 -0.930854
0.0470501 -0.935281
-0.0468413 -0.870572
-0.0470501 -0.935281
0.0468413 -0.870572
-0.0938913 -0.930854
0.724604 -0.591822
0.694613 -0.628074
0.582465 -0.64871
0.628074 -0.694613
0.64871 -0.582465
0.591822 -0.724604
0.400888 0.0883885
0.419194 0.0441942
0.525888 0.0883885
0.507583 0.132583
0.356694 -0.0441942
0.419194 -0.0441942
0.356694 0.0441942
0.507583 -0.132583
0.525888 -0.0883885
0.400888 -0.0883885
0.650888 -0.0883885
0.606694 -0.0441942
0.570083 -0.132583
0.669194 0.0441942
0.606694 0.0441942
0.669194 -0.0441942
0.570083 0.132583
0.650888 0.0883885
0.283471 0.220971
0.327665 0.265165
0.265165 0.327665
0.220971 0.283471
0.452665 0.265165
0.434359 0.309359
0.345971 0.220971
0.522747 0.397747
0.460247 0.397747
0.496859 0.309359
0.441941 0.504441
0.397747 0.460247
0.504441 0.441941
0.309359 0.496859
0.309359 0.434359
0.397747 0.522747
0.220971 0.345971
0.265165 0.452665
0.0441942 0.356694
0.0441942 0.419194
-0.0441942 0.419194
-0.0441942 0.356694
0.132583 0.507583
0.0883885 0.525888
0.0883885 0.400888
0.0883885 0.650888
0.0441942 0.606694
0.132583 0.570083
-0.0441942 0.669194
-0.0441942 0.606694
0.0441942 0.669194
-0.132583 0.570083
-0.0883885 0.525888
-0.0883885 0.650888
-0.0883885 0.400888
-0.132583 0.507583
-0.220971 0.283471
-0.265165 0.327665
-0.327665 0.265165
-0.283471 0.220971
-0.265165 0.452665
-0.309359 0.434359
-0.220971 0.345971
-0.397747 0.522747
-0.397747 0.460247
-0.309359 0.496859
-0.504441 0.441941
-0.460247 0.397747
-0.441941 0.504441
-0.496859 0.309359
-0.434359 0.309359
-0.522747 0.397747
-0.345971 0.220971
-0.452665 0.265165
-0.356694 0.0441942
-0.419194 0.0441942
-0.419194 -0.0441942
-0.356694 -0.0441942
-0.507583 0.132583
-0.525888 0.0883885
-0.400888 0.0883885
-0.650888 0.0883885
-0.606694 0.0441942
-0.570083 0.132583
-0.669194 -0.0441942
-0.606694 -0.0441942
-0.669194 0.0441942
-0.570083 -0.132583
-0.525888 -0.0883885
-0.650888 -0.0883885
-0.400888 -0.0883885
-0.507583 -0.132583
-0.283471 -0.220971
-0.327665 -0.265165
-0.265165 -0.327665
-0.220971 -0.283471
-0.452665 -0.265165
-0.434359 -0.309359
-0.345971 -0.220971
-0.522747 -0.397747
-0.460247 -0.397747
-0.496859 -0.309359
-0.441941 -0.504441
-0.397747 -0.460247
-0.504441 -0.441941
-0.309359 -0.496859
-0.309359 -0.434359
-0.397747 -0.522747
-0.220971 -0.345971
-0.265165 -0.452665
-0.0441942 -0.356694
-0.0441942 -0.419194
0.0441942 -0.419194
0.0441942 -0.356694
-0.132583 -0.507583
-0.0883885 -0.525888
-0.0883885 -0.400888
-0.0883885 -0.650888
-0.0441942 -0.606694
-0.132583 -0.570083
0.0441942 -0.669194
0.0441942 -0.606694
-0.0441942 -0.669194
0.132583 -0.570083
0.0883885 -0.525888
0.0883885 -0.650888
0.0883885 -0.400888
0.132583 -0.507583
0.220971 -0.283471
0.265165 -0.327665
0.327665 -0.265165
0.283471 -0.220971
0.265165 -0.452665
0.309359 -0.434359
0.220971 -0.345971
0.397747 -0.522747
0.397747 -0.460247
0.309359 -0.496859
0.504441 -0.441941
0.460247 -0.397747
0.441941 -0.504441
0.496859 -0.309359
0.434359 -0.309359
0.522747 -0.397747
0.345971 -0.220971
0.452665 -0.265165
0.797686 0.466344
0.821889 0.42149
0.701941 0.316642
0.782023 0.323924
0.739515 0.412971
0.814931 0.230901
0.879201 0.283123
0.720247 0.272447
0.893804 0.234293
0.893804 -0.234293
0.879201 -0.283123
0.720247 -0.272447
0.782023 -0.323924
0.814931 -0.230901
0.739515 -0.412971
0.821889 -0.42149
0.701941 -0.316642
0.797686 -0.466344
0.234293 0.893804
0.283123 0.879201
0.272447 0.720247
0.323924 0.782023
0.230901 0.814931
0.412971 0.739515
0.42149 0.821889
0.316642 0.701941
0.466344 0.797686
-0.466344 0.797686
-0.42149 0.821889
-0.316642 0.701941
-0.323924 0.782023
-0.412971 0.739515
-0.230901 0.814931
-0.283123 0.879201
-0.272447 0.720247
-0.234293 0.893804
-0.893804 0.234293
-0.879201 0.283123
-0.720247 0.272447
-0.782023 0.323924
-0.814931 0.230901
-0.739515 0.412971
-0.821889 0.42149
-0.701941 0.316642
-0.797686 0.466344
-0.797686 -0.466344
-0.821889 -0.42149
-0.701941 -0.316642
-0.782023 -0.323924
-0.739515 -0.412971
-0.814931 -0.230901
-0.879201 -0.283123
-0.720247 -0.272447
-0.893804 -0.234293
-0.234293 -0.893804
-0.283123 -0.879201
-0.272447 -0.720247
-0.323924 -0.782023
-0.230901 -0.814931
-0.412971 -0.739515
-0.42149 -0.821889
-0.316642 -0.701941
-0.466344 -0.797686
0.466344 -0.797686
0.42149 -0.821889
0.316642 -0.701941
0.323924 -0.782023
0.412971 -0.739515
0.230901 -0.814931
0.283123 -0.879201
0.272447 -0.720247
0.234293 -0.893804
0.320083 0.132583
0.275888 0.0883885
0.257582 0.132583
0.257582 -0.132583
0.275888 -0.0883885
0.320083 -0.132583
0.132583 0.320083
0.132583 0.257582
0.0883885 0.275888
-0.132583 0.320083
-0.0883885 0.275888
-0.132583 0.257582
-0.320083 0.132583
-0.257582 0.132583
-0.275888 0.0883885
-0.320083 -0.132583
-0.275888 -0.0883885
-0.257582 -0.132583
-0.132583 -0.320083
-0.132583 -0.257582
-0.0883885 -0.275888
0.132583 -0.320083
0.0883885 -0.275888
0.132583 -0.257582
0.77146 0.13523
0.847839 0.137877
0.789767 0.0910355
0.77146 -0.13523
0.789767 -0.0910355
0.847839 -0.137877
0.449883 0.641127
0.502019 0.697007
0.494077 0.622821
0.641127 0.449883
0.622821 0.494077
0.697007 0.502019
-0.13523 0.77146
-0.137877 0.847839
-0.0910355 0.789767
0.13523 0.77146
0.0910355 0.789767
0.137877 0.847839
-0.641127 0.449883
-0.697007 0.502019
-0.622821 0.494077
-0.449883 0.641127
-0.494077 0.622821
-0.502019 0.697007
-0.77146 -0.13523
-0.847839 -0.137877
-0.789767 -0.0910355
-0.77146 0.13523
-0.789767 0.0910355
-0.847839 0.137877
-0.449883 -0.641127
-0.502019 -0.697007
-0.494077 -0.622821
-0.641127 -0.449883
-0.622821 -0.494077
-0.697007 -0.502019
0.13523 -0.77146
0.137877 -0.847839
0.0910355 -0.789767
-0.13523 -0.77146
-0.0910355 -0.789767
-0.137877 -0.847839
0.641127 -0.449883
0.697007 -0.502019
0.622821 -0.494077
0.449883 -0.641127
0.494077 -0.622821
0.502019 -0.697007
0.577665 0.265165
0.595971 0.220971
0.533471 0.220971
0.577665 -0.265165
0.533471 -0.220971
0.595971 -0.220971
0.220971 0.595971
0.265165 0.577665
0.220971 0.533471
-0.265165 0.577665
-0.220971 0.595971
-0.220971 0.533471
-0.595971 0.220971
-0.577665 0.265165
-0.533471 0.220971
-0.577665 -0.265165
-0.595971 -0.220971
-0.533471 -0.220971
-0.220971 -0.595971
-0.265165 -0.577665
-0.220971 -0.533471
0.265165 -0.577665
0.220971 -0.595971
0.220971 -0.533471
2048
1 290 291
82 707 290
83 291 707
290 707 291
26 402 403
195 706 402
82 403 706
402 706 403
27 408 409
83 712 408
195 409 712
408 712 409
82 706 707
195 712 706
83 707 712
706 712 707
10 322 323
114 779 322
115 323 779
322 779 323
59 568 569
194 778 568
114 569 778
568 778 569
26 406 407
115 784 406
194 407 784
406 784 407
114 778 779
194 784 778
115 779 784
778 784 779
11 328 329
120 797 328
121 329 797
328 797 329
27 410 411
200 796 410
120 411 796
410 796 411
59 572 573
121 802 572
200 573 802
572 802 573
120 796 797
200 802 796
121 797 802
796 802 797
26 407 402
194 995 407
195 402 995
407 995 402
59 573 568
200 994 573
194 568 994
573 994 568
27 409 410
195 996 409
200 410 996
409 996 410
194 994 995
200 996 994
195 995 996
994 996 995
2 298 299
90 731 298
91 299 731
298 731 299
34 452 453
219 730 452
90 453 730
452 730 453
35 454 455
91 734 454
219 455 734
454 734 455
90 730 731
219 734 730
91 731 734
730 734 731
18 372 373
164 928 372
165 373 928
372 928 373
58 562 563
218 927 562
164 563 927
562 927 563
34 450 451
165 930 450
218 451 930
450 930 451
164 927 928
218 930 927
165 928 930
927 930 928
10 326 327
118 792 326
119 327 792
326 792 327
35 456 457
222 791 456
118 457 791
456 791 457
58 566 567
119 795 566
222 567 795
566 795 567
118 791 792
222 795 791
119 792 795
791 795 792
34 451 452
218 1019 451
219 452 1019
451 1019 452
58 567 562
222 1018 567
218 562 1018
567 1018 562
35 455 456
219 1020 455
222 456 1020
455 1020 456
218 1018 1019
222 1020 1018
219 1019 1020
1018 1020 1019
3 302 303
94 739 302
95 303 739
302 739 303
38 468 469
227 738 468
94 469 738
468 738 469
39 474 475
95 741 474
227 475 741
474 741 475
94 738 739
227 741 738
95 739 741
738 741 739
11 330 331
122 804 330
123 331 804
330 804 331
64 598 599
226 803 598
122 599 803
598 803 599
38 472 473
123 808 472
226 473 808
472 808 473
122 803 804
226 808 803
123 804 808
803 808 804
18 370 371
162 923 370
163 371 923
370 923 371
39 476 477
229 922 476
162 477 922
476 922 477
64 602 603
163 926 602
229 603 926
602 926 603
162 922 923
229 926 922
163 923 926
922 926 923
38 473 468
226 1028 473
227 468 1028
473 1028 468
64 603 598
229 1027 603
226 598 1027
603 1027 598
39 475 476
227 1029 475
229 476 1029
475 1029 476
226 1027 1028
229 1029 1027
227 1028 1029
1027 1029 1028
10 327 322
119 780 327
114 322 780
327 780 322
58 565 566
267 794 565
119 566 794
565 794 566
59 569 570
114 781 569
267 570 781
569 781 570
119 794 780
267 781 794
114 780 781
794 781 780
18 371 372
163 925 371
164 372 925
371 925 372
64 601 602
266 924 601
163 602 924
601 924 602
58 563 564
164 929 563
266 564 929
563 929 564
163 924 925
266 929 924
164 925 929
924 929 925
11 329 330
121 801 329
122 330 801
329 801 330
59 571 572
268 800 571
121 572 800
571 800 572
64 599 600
122 805 599
268 600 805
599 805 600
121 800 801
268 805 800
122 801 805
800 805 801
58 564 565
266 1067 564
267 565 1067
564 1067 565
64 600 601
268 1066 600
266 601 1066
600 1066 601
59 570 571
267 1068 570
268 571 1068
570 1068 571
266 1066 1067
268 1068 1066
267 1067 1068
1066 1068 1067
1 291 292
83 711 291
84 292 711
291 711 292
27 413 408
199 710 413
83 408 710
413 710 408
28 414 415
84 715 414
199 415 715
414 715 415
83 710 711
199 715 710
84 711 715
710 715 711
11 333 328
125 798 333
120 328 798
333 798 328
63 592 593
198 812 592
125 593 812
592 812 593
27 411 412
120 799 411
198 412 799
411 799 412
125 812 798
198 799 812
120 798 799
812 799 798
12 334 335
126 815 334
127 335 815
334 815 335
28 416 417
203 814 416
126 417 814
416 814 417
63 596 597
127 820 596
203 597 820
596 820 597
126 814 815
203 820 814
127 815 820
814 820 815
27 412 413
198 1001 412
199 413 1001
412 1001 413
63 597 592
203 1000 597
198 592 1000
597 1000 592
28 415 416
199 1002 415
203 416 1002
415 1002 416
198 1000 1001
203 1002 1000
199 1001 1002
1000 1002 1001
3 301 302
93 737 301
94 302 737
301 737 302
37 466 467
225 736 466
93 467 736
466 736 467
38 469 470
94 740 469
225 470 740
469 740 470
93 736 737
225 740 736
94 737 740
736 740 737
20 380 381
172 946 380
173 381 946
380 946 381
62 586 587
224 945 586
172 587 945
586 945 587
37 464 465
173 948 464
224 465 948
464 948 465
172 945 946
224 948 945
173 946 948
945 948 946
11 331 332
123 807 331
124 332 807
331 807 332
38 471 472
228 806 471
123 472 806
471 806 472
62 590 591
124 811 590
228 591 811
590 811 591
123 806 807
228 811 806
124 807 811
806 811 807
37 465 466
224 1025 465
225 466 1025
465 1025 466
62 591 586
228 1024 591
224 586 1024
591 1024 586
38 470 471
225 1026 470
228 471 1026
470 1026 471
224 1024 1025
228 1026 1024
225 1025 1026
1024 1026 1025
4 305 306
97 745 305
98 306 745
305 745 306
41 482 483
233 744 482
97 483 744
482 744 483
42 488 489
98 747 488
233 489 747
488 747 489
97 744 745
233 747 744
98 745 747
744 747 745
12 336 337
128 822 336
129 337 822
336 822 337
67 616 617
232 821 616
128 617 821
616 821 617
41 486 487
129 826 486
232 487 826
486 826 487
128 821 822
232 826 821
129 822 826
821 826 822
20 378 379
170 941 378
171 379 941
378 941 379
42 490 491
235 940 490
170 491 940
490 940 491
67 620 621
171 944 620
235 621 944
620 944 621
170 940 941
235 944 940
171 941 944
940 944 941
41 487 482
232 1034 487
233 482 1034
487 1034 482
67 621 616
235 1033 621
232 616 1033
621 1033 616
42 489 490
233 1035 489
235 490 1035
489 1035 490
232 1033 1034
235 1035 1033
233 1034 1035
1033 1035 1034
11 332 333
124 810 332
125 333 810
332 810 333
62 589 590
273 809 589
124 590 809
589 809 590
63 593 594
125 813 593
273 594 813
593 813 594
124 809 810
273 813 809
125 810 813
809 813 810
20 379 380
171 943 379
172 380 943
379 943 380
67 619 620
272 942 619
171 620 942
619 942 620
62 587 588
172 947 587
272 588 947
587 947 588
171 942 943
272 947 942
172 943 947
942 947 943
12 335 336
127 819 335
128 336 819
335 819 336
63 595 596
274 818 595
127 596 818
595 818 596
67 617 618
128 823 617
274 618 823
617 823 618
127 818 819
274 823 818
128 819 823
818 823 819
62 588 589
272 1073 588
273 589 1073
588 1073 589
67 618 619
274 1072 618
272 619 1072
618 1072 619
63 594 595
273 1074 594
274 595 1074
594 1074 595
272 1072 1073
274 1074 1072
273 1073 1074
1072 1074 1073
1 292 293
84 714 292
85 293 714
292 714 293
28 419 414
202 713 419
84 414 713
419 713 414
29 420 421
85 718 420
202 421 718
420 718 421
84 713 714
202 718 713
85 714 718
713 718 714
12 339 334
131 816 339
126 334 816
339 816 334
66 610 611
201 830 610
131 611 830
610 830 611
28 417 418
126 817 417
201 418 817
417 817 418
131 830 816
201 817 830
126 816 817
830 817 816
13 340 341
132 833 340
133 341 833
340 833 341
29 422 423
206 832 422
132 423 832
422 832 423
66 614 615
133 838 614
206 615 838
614 838 615
132 832 833
206 838 832
133 833 838
832 838 833
28 418 419
201 1004 418
202 419 1004
418 1004 419
66 615 610
206 1003 615
201 610 1003
615 1003 610
29 421 422
202 1005 421
206 422 1005
421 1005 422
201 1003 1004
206 1005 1003
202 1004 1005
1003 1005 1004
4 304 305
96 743 304
97 305 743
304 743 305
40 480 481
231 742 480
96 481 742
480 742 481
41 483 484
97 746 483
231 484 746
483 746 484
96 742 743
231 746 742
97 743 746
742 746 743
21 384 385
176 955 384
177 385 955
384 955 385
65 604 605
230 954 604
176 605 954
604 954 605
40 478 479
177 957 478
230 479 957
478 957 479
176 954 955
230 957 954
177 955 957
954 957 955
12 337 338
129 825 337
130 338 825
337 825 338
41 485 486
234 824 485
129 486 824
485 824 486
65 608 609
130 829 608
234 609 829
608 829 609
129 824 825
234 829 824
130 825 829
824 829 825
40 479 480
230 1031 479
231 480 1031
479 1031 480
65 609 604
234 1030 609
230 604 1030
609 1030 604
41 484 485
231 1032 484
234 485 1032
484 1032 485
230 1030 1031
234 1032 1030
231 1031 1032
1030 1032 1031
5 308 309
100 751 308
101 309 751
308 751 309
44 496 497
239 750 496
100 497 750
496 750 497
45 502 503
101 753 502
239 503 753
502 753 503
100 750 751
239 753 750
101 751 753
750 753 751
13 342 343
134 840 342
135 343 840
342 840 343
70 634 635
238 839 634
134 635 839
634 839 635
44 500 501
135 844 500
238 501 844
500 844 501
134 839 840
238 844 839
135 840 844
839 844 840
21 382 383
174 950 382
175 383 950
382 950 383
45 504 505
241 949 504
174 505 949
504 949 505
70 638 639
175 953 638
241 639 953
638 953 639
174 949 950
241 953 949
175 950 953
949 953 950
44 501 496
238 1040 501
239 496 1040
501 1040 496
70 639 634
241 1039 639
238 634 1039
639 1039 634
45 503 504
239 1041 503
241 504 1041
503 1041 504
238 1039 1040
241 1041 1039
239 1040 1041
1039 1041 1040
12 338 339
130 828 338
131 339 828
338 828 339
65 607 608
276 827 607
130 608 827
607 827 608
66 611 612
131 831 611
276 612 831
611 831 612
130 827 828
276 831 827
131 828 831
827 831 828
21 383 384
175 952 383
176 384 952
383 952 384
70 637 638
275 951 637
175 638 951
637 951 638
65 605 606
176 956 605
275 606 956
605 956 606
175 951 952
275 956 951
176 952 956
951 956 952
13 341 342
133 837 341
134 342 837
341 837 342
66 613 614
277 836 613
133 614 836
613 836 614
70 635 636
134 841 635
277 636 841
635 841 636
133 836 837
277 841 836
134 837 841
836 841 837
65 606 607
275 1076 606
276 607 1076
606 1076 607
70 636 637
277 1075 636
275 637 1075
636 1075 637
66 612 613
276 1077 612
277 613 1077
612 1077 613
275 1075 1076
277 1077 1075
276 1076 1077
1075 1077 1076
1 293 294
85 717 293
86 294 717
293 717 294
29 425 420
205 716 425
85 420 716
425 716 420
30 426 427
86 721 426
205 427 721
426 721 427
85 716 717
205 721 716
86 717 721
716 721 717
13 345 340
137 834 345
132 340 834
345 834 340
69 628 629
204 848 628
137 629 848
628 848 629
29 423 424
132 835 423
204 424 835
423 835 424
137 848 834
204 835 848
132 834 835
848 835 834
14 346 347
138 851 346
139 347 851
346 851 347
30 428 429
209 850 428
138 429 850
428 850 429
69 632 633
139 856 632
209 633 856
632 856 633
138 850 851
209 856 850
139 851 856
850 856 851
29 424 425
204 1007 424
205 425 1007
424 1007 425
69 633 628
209 1006 633
204 628 1006
633 1006 628
30 427 428
205 1008 427
209 428 1008
427 1008 428
204 1006 1007
209 1008 1006
205 1007 1008
1006 1008 1007
5 307 308
99 749 307
100 308 749
307 749 308
43 494 495
237 748 494
99 495 748
494 748 495
44 497 498
100 752 497
237 498 752
497 752 498
99 748 749
237 752 748
100 749 752
748 752 749
22 388 389
180 964 388
181 389 964
388 964 389
68 622 623
236 963 622
180 623 963
622 963 623
43 492 493
181 966 492
236 493 966
492 966 493
180 963 964
236 966 963
181 964 966
963 966 964
13 343 344
135 843 343
136 344 843
343 843 344
44 499 500
240 842 499
135 500 842
499 842 500
68 626 627
136 847 626
240 627 847
626 847 627
135 842 843
240 847 842
136 843 847
842 847 843
43 493 494
236 1037 493
237 494 1037
493 1037 494
68 627 622
240 1036 627
236 622 1036
627 1036 622
44 498 499
237 1038 498
240 499 1038
498 1038 499
236 1036 1037
240 1038 1036
237 1037 1038
1036 1038 1037
6 311 312
103 757 311
104 312 757
311 757 312
47 510 511
245 756 510
103 511 756
510 756 511
48 516 517
104 759 516
245 517 759
516 759 517
103 756 757
245 759 756
104 757 759
756 759 757
14 348 349
140 858 348
141 349 858
348 858 349
73 652 653
244 857 652
140 653 857
652 857 653
47 514 515
141 862 514
244 515 862
514 862 515
140 857 858
244 862 857
141 858 862
857 862 858
22 386 387
178 959 386
179 387 959
386 959 387
48 518 519
247 958 518
178 519 958
518 958 519
73 656 657
179 962 656
247 657 962
656 962 657
178 958 959
247 962 958
179 959 962
958 962 959
47 515 510
244 1046 515
245 510 1046
515 1046 510
73 657 652
247 1045 657
244 652 1045
657 1045 652
48 517 518
245 1047 517
247 518 1047
517 1047 518
244 1045 1046
247 1047 1045
245 1046 1047
1045 1047 1046
13 344 345
136 846 344
137 345 846
344 846 345
68 625 626
279 845 625
136 626 845
625 845 626
69 629 630
137 849 629
279 630 849
629 849 630
136 845 846
279 849 845
137 846 849
845 849 846
22 387 388
179 961 387
180 388 961
387 961 388
73 655 656
278 960 655
179 656 960
655 960 656
68 623 624
180 965 623
278 624 965
623 965 624
179 960 961
278 965 960
180 961 965
960 965 961
14 347 348
139 855 347
140 348 855
347 855 348
69 631 632
280 854 631
139 632 854
631 854 632
73 653 654
140 859 653
280 654 859
653 859 654
139 854 855
280 859 854
140 855 859
854 859 855
68 624 625
278 1079 624
279 625 1079
624 1079 625
73 654 655
280 1078 654
278 655 1078
654 1078 655
69 630 631
279 1080 630
280 631 1080
630 1080 631
278 1078 1079
280 1080 1078
279 1079 1080
1078 1080 1079
1 294 295
86 720 294
87 295 720
294 720 295
30 431 426
208 719 431
86 426 719
431 719 426
31 432 433
87 724 432
208 433 724
432 724 433
86 719 720
208 724 719
87 720 724
719 724 720
14 351 346
143 852 351
138 346 852
351 852 346
72 646 647
207 866 646
143 647 866
646 866 647
30 429 430
138 853 429
207 430 853
429 853 430
143 866 852
207 853 866
138 852 853
866 853 852
15 352 353
144 869 352
145 353 869
352 869 353
31 434 435
212 868 434
144 435 868
434 868 435
72 650 651
145 874 650
212 651 874
650 874 651
144 868 869
212 874 868
145 869 874
868 874 869
30 430 431
207 1010 430
208 431 1010
430 1010 431
72 651 646
212 1009 651
207 646 1009
651 1009 646
31 433 434
208 1011 433
212 434 1011
433 1011 434
207 1009 1010
212 1011 1009
208 1010 1011
1009 1011 1010
6 310 311
102 755 310
103 311 755
310 755 311
46 508 509
243 754 508
102 509 754
508 754 509
47 511 512
103 758 511
243 512 758
511 758 512
102 754 755
243 758 754
103 755 758
754 758 755
23 392 393
184 973 392
185 393 973
392 973 393
71 640 641
242 972 640
184 641 972
640 972 641
46 506 507
185 975 506
242 507 975
506 975 507
184 972 973
242 975 972
185 973 975
972 975 973
14 349 350
141 861 349
142 350 861
349 861 350
47 513 514
246 860 513
141 514 860
513 860 514
71 644 645
142 865 644
246 645 865
644 865 645
141 860 861
246 865 860
142 861 865
860 865 861
46 507 508
242 1043 507
243 508 1043
507 1043 508
71 645 640
246 1042 645
242 640 1042
645 1042 640
47 512 513
243 1044 512
246 513 1044
512 1044 513
242 1042 1043
246 1044 1042
243 1043 1044
1042 1044 1043
7 314 315
106 763 314
107 315 763
314 763 315
50 524 525
251 762 524
106 525 762
524 762 525
51 530 531
107 765 530
251 531 765
530 765 531
106 762 763
251 765 762
107 763 765
762 765 763
15 354 355
146 876 354
147 355 876
354 876 355
76 670 671
250 875 670
146 671 875
670 875 671
50 528 529
147 880 528
250 529 880
528 880 529
146 875 876
250 880 875
147 876 880
875 880 876
23 390 391
182 968 390
183 391 968
390 968 391
51 532 533
253 967 532
182 533 967
532 967 533
76 674 675
183 971 674
253 675 971
674 971 675
182 967 968
253 971 967
183 968 971
967 971 968
50 529 524
250 1052 529
251 524 1052
529 1052 524
76 675 670
253 1051 675
250 670 1051
675 1051 670
51 531 532
251 1053 531
253 532 1053
531 1053 532
250 1051 1052
253 1053 1051
251 1052 1053
1051 1053 1052
14 350 351
142 864 350
143 351 864
350 864 351
71 643 644
282 863 643
142 644 863
643 863 644
72 647 648
143 867 647
282 648 867
647 867 648
142 863 864
282 867 863
143 864 867
863 867 864
23 391 392
183 970 391
184 392 970
391 970 392
76 673 674
281 969 673
183 674 969
673 969 674
71 641 642
184 974 641
281 642 974
641 974 642
183 969 970
281 974 969
184 970 974
969 974 970
15 353 354
145 873 353
146 354 873
353 873 354
72 649 650
283 872 649
145 650 872
649 872 650
76 671 672
146 877 671
283 672 877
671 877 672
145 872 873
283 877 872
146 873 877
872 877 873
71 642 643
281 1082 642
282 643 1082
642 1082 643
76 672 673
283 1081 672
281 673 1081
672 1081 673
72 648 649
282 1083 648
283 649 1083
648 1083 649
281 1081 1082
283 1083 1081
282 1082 1083
1081 1083 1082
1 295 296
87 723 295
88 296 723
295 723 296
31 437 432
211 722 437
87 432 722
437 722 432
32 438 439
88 727 438
211 439 727
438 727 439
87 722 723
211 727 722
88 723 727
722 727 723
15 357 352
149 870 357
144 352 870
357 870 352
75 664 665
210 884 664
149 665 884
664 884 665
31 435 436
144 871 435
210 436 871
435 871 436
149 884 870
210 871 884
144 870 871
884 871 870
16 358 359
150 887 358
151 359 887
358 887 359
32 440 441
215 886 440
150 441 886
440 886 441
75 668 669
151 892 668
215 669 892
668 892 669
150 886 887
215 892 886
151 887 892
886 892 887
31 436 437
210 1013 436
211 437 1013
436 1013 437
75 669 664
215 1012 669
210 664 1012
669 1012 664
32 439 440
211 1014 439
215 440 1014
439 1014 440
210 1012 1013
215 1014 1012
211 1013 1014
1012 1014 1013
7 313 314
105 761 313
106 314 761
313 761 314
49 522 523
249 760 522
105 523 760
522 760 523
50 525 526
106 764 525
249 526 764
525 764 526
105 760 761
249 764 760
106 761 764
760 764 761
24 396 397
188 982 396
189 397 982
396 982 397
74 658 659
248 981 658
188 659 981
658 981 659
49 520 521
189 984 520
248 521 984
520 984 521
188 981 982
248 984 981
189 982 984
981 984 982
15 355 356
147 879 355
148 356 879
355 879 356
50 527 528
252 878 527
147 528 878
527 878 528
74 662 663
148 883 662
252 663 883
662 883 663
147 878 879
252 883 878
148 879 883
878 883 879
49 521 522
248 1049 521
249 522 1049
521 1049 522
74 663 658
252 1048 663
248 658 1048
663 1048 658
50 526 527
249 1050 526
252 527 1050
526 1050 527
248 1048 1049
252 1050 1048
249 1049 1050
1048 1050 1049
8 317 318
109 769 317
110 318 769
317 769 318
53 538 539
257 768 538
109 539 768
538 768 539
54 544 545
110 771 544
257 545 771
544 771 545
109 768 769
257 771 768
110 769 771
768 771 769
16 360 361
152 894 360
153 361 894
360 894 361
79 688 689
256 893 688
152 689 893
688 893 689
53 542 543
153 898 542
256 543 898
542 898 543
152 893 894
256 898 893
153 894 898
893 898 894
24 394 395
186 977 394
187 395 977
394 977 395
54 546 547
259 976 546
186 547 976
546 976 547
79 692 693
187 980 692
259 693 980
692 980 693
186 976 977
259 980 976
187 977 980
976 980 977
53 543 538
256 1058 543
257 538 1058
543 1058 538
79 693 688
259 1057 693
256 688 1057
693 1057 688
54 545 546
257 1059 545
259 546 1059
545 1059 546
256 1057 1058
259 1059 1057
257 1058 1059
1057 1059 1058
15 356 357
148 882 356
149 357 882
356 882 357
74 661 662
285 881 661
148 662 881
661 881 662
75 665 666
149 885 665
285 666 885
665 885 666
148 881 882
285 885 881
149 882 885
881 885 882
24 395 396
187 979 395
188 396 979
395 979 396
79 691 692
284 978 691
187 692 978
691 978 692
74 659 660
188 983 659
284 660 983
659 983 660
187 978 979
284 983 978
188 979 983
978 983 979
16 359 360
151 891 359
152 360 891
359 891 360
75 667 668
286 890 667
151 668 890
667 890 668
79 689 690
152 895 689
286 690 895
689 895 690
151 890 891
286 895 890
152 891 895
890 895 891
74 660 661
284 1085 660
285 661 1085
660 1085 661
79 690 691
286 1084 690
284 691 1084
690 1084 691
75 666 667
285 1086 666
286 667 1086
666 1086 667
284 1084 1085
286 1086 1084
285 1085 1086
1084 1086 1085
1 296 297
88 726 296
89 297 726
296 726 297
32 443 438
214 725 443
88 438 725
443 725 438
33 444 445
89 729 444
214 445 729
444 729 445
88 725 726
214 729 725
89 726 729
725 729 726
16 363 358
155 888 363
150 358 888
363 888 358
78 682 683
213 902 682
155 683 902
682 902 683
32 441 442
150 889 441
213 442 889
441 889 442
155 902 888
213 889 902
150 888 889
902 889 888
17 364 365
156 905 364
157 365 905
364 905 365
33 446 447
217 904 446
156 447 904
446 904 447
78 686 687
157 910 686
217 687 910
686 910 687
156 904 905
217 910 904
157 905 910
904 910 905
32 442 443
213 1016 442
214 443 1016
442 1016 443
78 687 682
217 1015 687
213 682 1015
687 1015 682
33 445 446
214 1017 445
217 446 1017
445 1017 446
213 1015 1016
217 1017 1015
214 1016 1017
1015 1017 1016
8 316 317
108 767 316
109 317 767
316 767 317
52 536 537
255 766 536
108 537 766
536 766 537
53 539 540
109 770 539
255 540 770
539 770 540
108 766 767
255 770 766
109 767 770
766 770 767
25 400 401
192 991 400
193 401 991
400 991 401
77 676 677
254 990 676
192 677 990
676 990 677
52 534 535
193 993 534
254 535 993
534 993 535
192 990 991
254 993 990
193 991 993
990 993 991
16 361 362
153 897 361
154 362 897
361 897 362
53 541 542
258 896 541
153 542 896
541 896 542
77 680 681
154 901 680
258 681 901
680 901 681
153 896 897
258 901 896
154 897 901
896 901 897
52 535 536
254 1055 535
255 536 1055
535 1055 536
77 681 676
258 1054 681
254 676 1054
681 1054 676
53 540 541
255 1056 540
258 541 1056
540 1056 541
254 1054 1055
258 1056 1054
255 1055 1056
1054 1056 1055
9 320 321
112 775 320
113 321 775
320 775 321
56 552 553
263 774 552
112 553 774
552 774 553
57 558 559
113 777 558
263 559 777
558 777 559
112 774 775
263 777 774
113 775 777
774 777 775
17 366 367
158 912 366
159 367 912
366 912 367
81 700 701
262 911 700
158 701 911
700 911 701
56 556 557
159 916 556
262 557 916
556 916 557
158 911 912
262 916 911
159 912 916
911 916 912
25 398 399
190 986 398
191 399 986
398 986 399
57 560 561
265 985 560
190 561 985
560 985 561
81 704 705
191 989 704
265 705 989
704 989 705
190 985 986
265 989 985
191 986 989
985 989 986
56 557 552
262 1064 557
263 552 1064
557 1064 552
81 705 700
265 1063 705
262 700 1063
705 1063 700
57 559 560
263 1065 559
265 560 1065
559 1065 560
262 1063 1064
265 1065 1063
263 1064 1065
1063 1065 1064
16 362 363
154 900 362
155 363 900
362 900 363
77 679 680
288 899 679
154 680 899
679 899 680
78 683 684
155 903 683
288 684 903
683 903 684
154 899 900
288 903 899
155 900 903
899 903 900
25 399 400
191 988 399
192 400 988
399 988 400
81 703 704
287 987 703
191 704 987
703 987 704
77 677 678
192 992 677
287 678 992
677 992 678
191 987 988
287 992 987
192 988 992
987 992 988
17 365 366
157 909 365
158 366 909
365 909 366
78 685 686
289 908 685
157 686 908
685 908 686
81 701 702
158 913 701
289 702 913
701 913 702
157 908 909
289 913 908
158 909 913
908 913 909
77 678 679
287 1088 678
288 679 1088
678 1088 679
81 702 703
289 1087 702
287 703 1087
702 1087 703
78 684 685
288 1089 684
289 685 1089
684 1089 685
287 1087 1088
289 1089 1087
288 1088 1089
1087 1089 1088
1 297 290
89 708 297
82 290 708
297 708 290
33 449 444
196 728 449
89 444 728
449 728 444
26 403 404
82 709 403
196 404 709
403 709 404
89 728 708
196 709 728
82 708 709
728 709 708
17 369 364
161 906 369
156 364 906
369 906 364
60 574 575
216 920 574
161 575 920
574 920 575
33 447 448
156 907 447
216 448 907
447 907 448
161 920 906
216 907 920
156 906 907
920 907 906
10 323 324
115 783 323
116 324 783
323 783 324
26 405 406
197 782 405
115 406 782
405 782 406
60 578 579
116 787 578
197 579 787
578 787 579
115 782 783
197 787 782
116 783 787
782 787 783
33 448 449
216 997 448
196 449 997
448 997 449
60 579 574
197 999 579
216 574 999
579 999 574
26 404 405
196 998 404
197 405 998
404 998 405
216 999 997
197 998 999
196 997 998
999 998 997
9 319 320
111 773 319
112 320 773
319 773 320
55 550 551
261 772 550
111 551 772
550 772 551
56 553 554
112 776 553
261 554 776
553 776 554
111 772 773
261 776 772
112 773 776
772 776 773
19 376 377
168 937 376
169 377 937
376 937 377
80 694 695
260 936 694
168 695 936
694 936 695
55 548 549
169 939 548
260 549 939
548 939 549
168 936 937
260 939 936
169 937 939
936 939 937
17 367 368
159 915 367
160 368 915
367 915 368
56 555 556
264 914 555
159 556 914
555 914 556
80 698 699
160 919 698
264 699 919
698 919 699
159 914 915
264 919 914
160 915 919
914 919 915
55 549 550
260 1061 549
261 550 1061
549 1061 550
80 699 694
264 1060 699
260 694 1060
699 1060 694
56 554 555
261 1062 554
264 555 1062
554 1062 555
260 1060 1061
264 1062 1060
261 1061 1062
1060 1062 1061
2 299 300
91 733 299
92 300 733
299 733 300
35 459 454
221 732 459
91 454 732
459 732 454
36 460 461
92 735 460
221 461 735
460 735 461
91 732 733
221 735 732
92 733 735
732 735 733
10 325 326
117 789 325
118 326 789
325 789 326
61 580 581
220 788 580
117 581 788
580 788 581
35 457 458
118 793 457
220 458 793
457 793 458
117 788 789
220 793 788
118 789 793
788 793 789
19 374 375
166 932 374
167 375 932
374 932 375
36 462 463
223 931 462
166 463 931
462 931 463
61 584 585
167 935 584
223 585 935
584 935 585
166 931 932
223 935 931
167 932 935
931 935 932
35 458 459
220 1022 458
221 459 1022
458 1022 459
61 585 580
223 1021 585
220 580 1021
585 1021 580
36 461 462
221 1023 461
223 462 1023
461 1023 462
220 1021 1022
223 1023 1021
221 1022 1023
1021 1023 1022
17 368 369
160 918 368
161 369 918
368 918 369
80 697 698
269 917 697
160 698 917
697 917 698
60 575 576
161 921 575
269 576 921
575 921 576
160 917 918
269 921 917
161 918 921
917 921 918
19 375 376
167 934 375
168 376 934
375 934 376
61 583 584
271 933 583
167 584 933
583 933 584
80 695 696
168 938 695
271 696 938
695 938 696
167 933 934
271 938 933
168 934 938
933 938 934
10 324 325
116 786 324
117 325 786
324 786 325
60 577 578
270 785 577
116 578 785
577 785 578
61 581 582
117 790 581
270 582 790
581 790 582
116 785 786
270 790 785
117 786 790
785 790 786
80 696 697
271 1069 696
269 697 1069
696 1069 697
61 582 583
270 1071 582
271 583 1071
582 1071 583
60 576 577
269 1070 576
270 577 1070
576 1070 577
271 1071 1069
270 1070 1071
269 1069 1070
1071 1070 1069
