289
0 0
1 0
0.707107 0.707107
0 1
-0.707107 0.707107
-1 0
-0.707107 -0.707107
-0 -1
0.707107 -0.707107
0.5 0
0.353553 0.353553
0 0.5
-0.353553 0.353553
-0.5 0
-0.353553 -0.353553
0 -0.5
0.353553 -0.353553
0.92388 0.382683
0.92388 -0.382683
0.382683 0.92388
-0.382683 0.92388
-0.92388 0.382683
-0.92388 -0.382683
-0.382683 -0.92388
0.382683 -0.92388
0.25 0
0.176777 0.176777
0 0.25
-0.176777 0.176777
-0.25 0
-0.176777 -0.176777
0 -0.25
0.176777 -0.176777
0.98229 0.187365
0.75 0
0.98229 -0.187365
0.562097 0.827072
0.53033 0.53033
0.827072 0.562097
-0.187365 0.98229
0 0.75
0.187365 0.98229
-0.827072 0.562097
-0.53033 0.53033
-0.562097 0.827072
-0.98229 -0.187365
-0.75 0
-0.98229 0.187365
-0.562097 -0.827072
-0.53033 -0.53033
-0.827072 -0.562097
0.187365 -0.98229
0 -0.75
-0.187365 -0.98229
0.827072 -0.562097
0.53033 -0.53033
0.562097 -0.827072
0.676777 0.176777
0.426777 0.176777
0.426777 -0.176777
0.676777 -0.176777
0.353553 0.603553
0.176777 0.426777
0.603553 0.353553
-0.176777 0.676777
-0.176777 0.426777
0.176777 0.676777
-0.603553 0.353553
-0.426777 0.176777
-0.353553 0.603553
-0.676777 -0.176777
-0.426777 -0.176777
-0.676777 0.176777
-0.353553 -0.603553
-0.176777 -0.426777
-0.603553 -0.353553
0.176777 -0.676777
0.176777 -0.426777
-0.176777 -0.676777
0.603553 -0.353553
0.353553 -0.603553
0.125 0
0.0883885 0.0883885
0 0.125
-0.0883885 0.0883885
-0.125 0
-0.0883885 -0.0883885
0 -0.125
0.0883885 -0.0883885
0.995563 0.0941001
0.875 0
0.995563 -0.0941001
0.63743 0.770508
0.618718 0.618718
0.770508 0.63743
-0.0941001 0.995563
0 0.875
0.0941001 0.995563
-0.770508 0.63743
-0.618718 0.618718
-0.63743 0.770508
-0.995563 -0.0941001
-0.875 0
-0.995563 0.0941001
-0.63743 -0.770508
-0.618718 -0.618718
-0.770508 -0.63743
0.0941001 -0.995563
0 -0.875
-0.0941001 -0.995563
0.770508 -0.63743
0.618718 -0.618718
0.63743 -0.770508
0.463388 0.0883885
0.375 0
0.463388 -0.0883885
0.588388 -0.0883885
0.625 0
0.588388 0.0883885
0.265165 0.265165
0.390165 0.265165
0.478553 0.353553
0.441941 0.441941
0.353553 0.478553
0.265165 0.390165
0 0.375
0.0883885 0.463388
0.0883885 0.588388
0 0.625
-0.0883885 0.588388
-0.0883885 0.463388
-0.265165 0.265165
-0.265165 0.390165
-0.353553 0.478553
-0.441941 0.441941
-0.478553 0.353553
-0.390165 0.265165
-0.375 0
-0.463388 0.0883885
-0.588388 0.0883885
-0.625 0
-0.588388 -0.0883885
-0.463388 -0.0883885
-0.265165 -0.265165
-0.390165 -0.265165
-0.478553 -0.353553
-0.441941 -0.441941
-0.353553 -0.478553
-0.265165 -0.390165
0 -0.375
-0.0883885 -0.463388
-0.0883885 -0.588388
0 -0.625
0.0883885 -0.588388
0.0883885 -0.463388
0.265165 -0.265165
0.265165 -0.390165
0.353553 -0.478553
0.441941 -0.441941
0.478553 -0.353553
0.390165 -0.265165
0.88006 0.474863
0.763717 0.368118
0.800328 0.27973
0.958075 0.286516
0.958075 -0.286516
0.800328 -0.27973
0.763717 -0.368118
0.88006 -0.474863
0.286516 0.958075
0.27973 0.800328
0.368118 0.763717
0.474863 0.88006
-0.474863 0.88006
-0.368118 0.763717
-0.27973 0.800328
-0.286516 0.958075
-0.958075 0.286516
-0.800328 0.27973
-0.763717 0.368118
-0.88006 0.474863
-0.88006 -0.474863
-0.763717 -0.368118
-0.800328 -0.27973
-0.958075 -0.286516
-0.286516 -0.958075
-0.27973 -0.800328
-0.368118 -0.763717
-0.474863 -0.88006
0.474863 -0.88006
0.368118 -0.763717
0.27973 -0.800328
0.286516 -0.958075
0.338388 0.0883885
0.213388 0.0883885
0.213388 -0.0883885
0.338388 -0.0883885
0.176777 0.301777
0.0883885 0.213388
0.301777 0.176777
-0.0883885 0.338388
-0.0883885 0.213388
0.0883885 0.338388
-0.301777 0.176777
-0.213388 0.0883885
-0.176777 0.301777
-0.338388 -0.0883885
-0.213388 -0.0883885
-0.338388 0.0883885
-0.176777 -0.301777
-0.0883885 -0.213388
-0.301777 -0.176777
0.0883885 -0.338388
0.0883885 -0.213388
-0.0883885 -0.338388
0.301777 -0.176777
0.176777 -0.301777
0.829533 0.182071
0.866145 0.0936825
0.713388 -0.0883885
0.866145 -0.0936825
0.713388 0.0883885
0.829533 -0.182071
0.457825 0.715313
0.546213 0.678701
0.566941 0.441941
0.678701 0.546213
0.441941 0.566941
0.715313 0.457825
-0.182071 0.829533
-0.0936825 0.866145
0.0883885 0.713388
0.0936825 0.866145
-0.0883885 0.713388
0.182071 0.829533
-0.715313 0.457825
-0.678701 0.546213
-0.441941 0.566941
-0.546213 0.678701
-0.566941 0.441941
-0.457825 0.715313
-0.829533 -0.182071
-0.866145 -0.0936825
-0.713388 0.0883885
-0.866145 0.0936825
-0.713388 -0.0883885
-0.829533 0.182071
-0.457825 -0.715313
-0.546213 -0.678701
-0.566941 -0.441941
-0.678701 -0.546213
-0.441941 -0.566941
-0.715313 -0.457825
0.182071 -0.829533
0.0936825 -0.866145
-0.0883885 -0.713388
-0.0936825 -0.866145
0.0883885 -0.713388
-0.182071 -0.829533
0.715313 -0.457825
0.678701 -0.546213
0.441941 -0.566941
0.546213 -0.678701
0.566941 -0.441941
0.457825 -0.715313
0.640165 0.265165
0.551777 0.176777
0.515165 0.265165
0.515165 -0.265165
0.551777 -0.176777
0.640165 -0.265165
0.265165 0.640165
0.265165 0.515165
0.176777 0.551777
-0.265165 0.640165
-0.176777 0.551777
-0.265165 0.515165
-0.640165 0.265165
-0.515165 0.265165
-0.551777 0.176777
-0.640165 -0.265165
-0.551777 -0.176777
-0.515165 -0.265165
-0.265165 -0.640165
-0.265165 -0.515165
-0.176777 -0.551777
0.265165 -0.640165
0.176777 -0.551777
0.265165 -0.515165
512
1 82 83
26 195 82
27 83 195
82 195 83
10 114 115
59 194 114
26 115 194
114 194 115
11 120 121
27 200 120
59 121 200
120 200 121
26 194 195
59 200 194
27 195 200
194 200 195
2 90 91
34 219 90
35 91 219
90 219 91
18 164 165
58 218 164
34 165 218
164 218 165
10 118 119
35 222 118
58 119 222
118 222 119
34 218 219
58 222 218
35 219 222
218 222 219
3 94 95
38 227 94
39 95 227
94 227 95
11 122 123
64 226 122
38 123 226
122 226 123
18 162 163
39 229 162
64 163 229
162 229 163
38 226 227
64 229 226
39 227 229
226 229 227
10 119 114
58 267 119
59 114 267
119 267 114
18 163 164
64 266 163
58 164 266
163 266 164
11 121 122
59 268 121
64 122 268
121 268 122
58 266 267
64 268 266
59 267 268
266 268 267
1 83 84
27 199 83
28 84 199
83 199 84
11 125 120
63 198 125
27 120 198
125 198 120
12 126 127
28 203 126
63 127 203
126 203 127
27 198 199
63 203 198
28 199 203
198 203 199
3 93 94
37 225 93
38 94 225
93 225 94
20 172 173
62 224 172
37 173 224
172 224 173
11 123 124
38 228 123
62 124 228
123 228 124
37 224 225
62 228 224
38 225 228
224 228 225
4 97 98
41 233 97
42 98 233
97 233 98
12 128 129
67 232 128
41 129 232
128 232 129
20 170 171
42 235 170
67 171 235
170 235 171
41 232 233
67 235 232
42 233 235
232 235 233
11 124 125
62 273 124
63 125 273
124 273 125
20 171 172
67 272 171
62 172 272
171 272 172
12 127 128
63 274 127
67 128 274
127 274 128
62 272 273
67 274 272
63 273 274
272 274 273
1 84 85
28 202 84
29 85 202
84 202 85
12 131 126
66 201 131
28 126 201
131 201 126
13 132 133
29 206 132
66 133 206
132 206 133
28 201 202
66 206 201
29 202 206
201 206 202
4 96 97
40 231 96
41 97 231
96 231 97
21 176 177
65 230 176
40 177 230
176 230 177
12 129 130
41 234 129
65 130 234
129 234 130
40 230 231
65 234 230
41 231 234
230 234 231
5 100 101
44 239 100
45 101 239
100 239 101
13 134 135
70 238 134
44 135 238
134 238 135
21 174 175
45 241 174
70 175 241
174 241 175
44 238 239
70 241 238
45 239 241
238 241 239
12 130 131
65 276 130
66 131 276
130 276 131
21 175 176
70 275 175
65 176 275
175 275 176
13 133 134
66 277 133
70 134 277
133 277 134
65 275 276
70 277 275
66 276 277
275 277 276
1 85 86
29 205 85
30 86 205
85 205 86
13 137 132
69 204 137
29 132 204
137 204 132
14 138 139
30 209 138
69 139 209
138 209 139
29 204 205
69 209 204
30 205 209
204 209 205
5 99 100
43 237 99
44 100 237
99 237 100
22 180 181
68 236 180
43 181 236
180 236 181
13 135 136
44 240 135
68 136 240
135 240 136
43 236 237
68 240 236
44 237 240
236 240 237
6 103 104
47 245 103
48 104 245
103 245 104
14 140 141
73 244 140
47 141 244
140 244 141
22 178 179
48 247 178
73 179 247
178 247 179
47 244 245
73 247 244
48 245 247
244 247 245
13 136 137
68 279 136
69 137 279
136 279 137
22 179 180
73 278 179
68 180 278
179 278 180
14 139 140
69 280 139
73 140 280
139 280 140
68 278 279
73 280 278
69 279 280
278 280 279
1 86 87
30 208 86
31 87 208
86 208 87
14 143 138
72 207 143
30 138 207
143 207 138
15 144 145
31 212 144
72 145 212
144 212 145
30 207 208
72 212 207
31 208 212
207 212 208
6 102 103
46 243 102
47 103 243
102 243 103
23 184 185
71 242 184
46 185 242
184 242 185
14 141 142
47 246 141
71 142 246
141 246 142
46 242 243
71 246 242
47 243 246
242 246 243
7 106 107
50 251 106
51 107 251
106 251 107
15 146 147
76 250 146
50 147 250
146 250 147
23 182 183
51 253 182
76 183 253
182 253 183
50 250 251
76 253 250
51 251 253
250 253 251
14 142 143
71 282 142
72 143 282
142 282 143
23 183 184
76 281 183
71 184 281
183 281 184
15 145 146
72 283 145
76 146 283
145 283 146
71 281 282
76 283 281
72 282 283
281 283 282
1 87 88
31 211 87
32 88 211
87 211 88
15 149 144
75 210 149
31 144 210
149 210 144
16 150 151
32 215 150
75 151 215
150 215 151
31 210 211
75 215 210
32 211 215
210 215 211
7 105 106
49 249 105
50 106 249
105 249 106
24 188 189
74 248 188
49 189 248
188 248 189
15 147 148
50 252 147
74 148 252
147 252 148
49 248 249
74 252 248
50 249 252
248 252 249
8 109 110
53 257 109
54 110 257
109 257 110
16 152 153
79 256 152
53 153 256
152 256 153
24 186 187
54 259 186
79 187 259
186 259 187
53 256 257
79 259 256
54 257 259
256 259 257
15 148 149
74 285 148
75 149 285
148 285 149
24 187 188
79 284 187
74 188 284
187 284 188
16 151 152
75 286 151
79 152 286
151 286 152
74 284 285
79 286 284
75 285 286
284 286 285
1 88 89
32 214 88
33 89 214
88 214 89
16 155 150
78 213 155
32 150 213
155 213 150
17 156 157
33 217 156
78 157 217
156 217 157
32 213 214
78 217 213
33 214 217
213 217 214
8 108 109
52 255 108
53 109 255
108 255 109
25 192 193
77 254 192
52 193 254
192 254 193
16 153 154
53 258 153
77 154 258
153 258 154
52 254 255
77 258 254
53 255 258
254 258 255
9 112 113
56 263 112
57 113 263
112 263 113
17 158 159
81 262 158
56 159 262
158 262 159
25 190 191
57 265 190
81 191 265
190 265 191
56 262 263
81 265 262
57 263 265
262 265 263
16 154 155
77 288 154
78 155 288
154 288 155
25 191 192
81 287 191
77 192 287
191 287 192
17 157 158
78 289 157
81 158 289
157 289 158
77 287 288
81 289 287
78 288 289
287 289 288
1 89 82
33 196 89
26 82 196
89 196 82
17 161 156
60 216 161
33 156 216
161 216 156
10 115 116
26 197 115
60 116 197
115 197 116
33 216 196
60 197 216
26 196 197
216 197 196
9 111 112
55 261 111
56 112 261
111 261 112
19 168 169
80 260 168
55 169 260
168 260 169
17 159 160
56 264 159
80 160 264
159 264 160
55 260 261
80 264 260
56 261 264
260 264 261
2 91 92
35 221 91
36 92 221
91 221 92
10 117 118
61 220 117
35 118 220
117 220 118
19 166 167
36 223 166
61 167 223
166 223 167
35 220 221
61 223 220
36 221 223
220 223 221
17 160 161
80 269 160
60 161 269
160 269 161
19 167 168
61 271 167
80 168 271
167 271 168
10 116 117
60 270 116
61 117 270
116 270 117
80 271 269
61 270 271
60 269 270
271 270 269
