49
0 0
0 0.166667
0 0.333333
0 0.5
0 0.666667
0 0.833333
0 1
0.166667 0
0.166667 0.166667
0.166667 0.333333
0.166667 0.5
0.166667 0.666667
0.166667 0.833333
0.166667 1
0.333333 0
0.333333 0.166667
0.333333 0.333333
0.333333 0.5
0.333333 0.666667
0.333333 0.833333
0.333333 1
0.5 0
0.5 0.166667
0.5 0.333333
0.5 0.5
0.5 0.666667
0.5 0.833333
0.5 1
0.666667 0
0.666667 0.166667
0.666667 0.333333
0.666667 0.5
0.666667 0.666667
0.666667 0.833333
0.666667 1
0.833333 0
0.833333 0.166667
0.833333 0.333333
0.833333 0.5
0.833333 0.666667
0.833333 0.833333
0.833333 1
1 0
1 0.166667
1 0.333333
1 0.5
1 0.666667
1 0.833333
1 1
72
1 8 9
1 9 2
2 9 10
2 10 3
3 10 11
3 11 4
4 11 12
4 12 5
5 12 13
5 13 6
6 13 14
6 14 7
8 15 16
8 16 9
9 16 17
9 17 10
10 17 18
10 18 11
11 18 19
11 19 12
12 19 20
12 20 13
13 20 21
13 21 14
15 22 23
15 23 16
16 23 24
16 24 17
17 24 25
17 25 18
18 25 26
18 26 19
19 26 27
19 27 20
20 27 28
20 28 21
22 29 30
22 30 23
23 30 31
23 31 24
24 31 32
24 32 25
25 32 33
25 33 26
26 33 34
26 34 27
27 34 35
27 35 28
29 36 37
29 37 30
30 37 38
30 38 31
31 38 39
31 39 32
32 39 40
32 40 33
33 40 41
33 41 34
34 41 42
34 42 35
36 43 44
36 44 37
37 44 45
37 45 38
38 45 46
38 46 39
39 46 47
39 47 40
40 47 48
40 48 41
41 48 49
41 49 42
