2113
0 0
0 0.03125
0 0.0625
0 0.09375
0 0.125
0 0.15625
0 0.1875
0 0.21875
0 0.25
0 0.28125
0 0.3125
0 0.34375
0 0.375
0 0.40625
0 0.4375
0 0.46875
0 0.5
0 0.53125
0 0.5625
0 0.59375
0 0.625
0 0.65625
0 0.6875
0 0.71875
0 0.75
0 0.78125
0 0.8125
0 0.84375
0 0.875
0 0.90625
0 0.9375
0 0.96875
0 1
0.03125 0
0.03125 0.03125
0.03125 0.0625
0.03125 0.09375
0.03125 0.125
0.03125 0.15625
0.03125 0.1875
0.03125 0.21875
0.03125 0.25
0.03125 0.28125
0.03125 0.3125
0.03125 0.34375
0.03125 0.375
0.03125 0.40625
0.03125 0.4375
0.03125 0.46875
0.03125 0.5
0.03125 0.53125
0.03125 0.5625
0.03125 0.59375
0.03125 0.625
0.03125 0.65625
0.03125 0.6875
0.03125 0.71875
0.03125 0.75
0.03125 0.78125
0.03125 0.8125
0.03125 0.84375
0.03125 0.875
0.03125 0.90625
0.03125 0.9375
0.03125 0.96875
0.03125 1
0.0625 0
0.0625 0.03125
0.0625 0.0625
0.0625 0.09375
0.0625 0.125
0.0625 0.15625
0.0625 0.1875
0.0625 0.21875
0.0625 0.25
0.0625 0.28125
0.0625 0.3125
0.0625 0.34375
0.0625 0.375
0.0625 0.40625
0.0625 0.4375
0.0625 0.46875
0.0625 0.5
0.0625 0.53125
0.0625 0.5625
0.0625 0.59375
0.0625 0.625
0.0625 0.65625
0.0625 0.6875
0.0625 0.71875
0.0625 0.75
0.0625 0.78125
0.0625 0.8125
0.0625 0.84375
0.0625 0.875
0.0625 0.90625
0.0625 0.9375
0.0625 0.96875
0.0625 1
0.09375 0
0.09375 0.03125
0.09375 0.0625
0.09375 0.09375
0.09375 0.125
0.09375 0.15625
0.09375 0.1875
0.09375 0.21875
0.09375 0.25
0.09375 0.28125
0.09375 0.3125
0.09375 0.34375
0.09375 0.375
0.09375 0.40625
0.09375 0.4375
0.09375 0.46875
0.09375 0.5
0.09375 0.53125
0.09375 0.5625
0.09375 0.59375
0.09375 0.625
0.09375 0.65625
0.09375 0.6875
0.09375 0.71875
0.09375 0.75
0.09375 0.78125
0.09375 0.8125
0.09375 0.84375
0.09375 0.875
0.09375 0.90625
0.09375 0.9375
0.09375 0.96875
0.09375 1
0.125 0
0.125 0.03125
0.125 0.0625
0.125 0.09375
0.125 0.125
0.125 0.15625
0.125 0.1875
0.125 0.21875
0.125 0.25
0.125 0.28125
0.125 0.3125
0.125 0.34375
0.125 0.375
0.125 0.40625
0.125 0.4375
0.125 0.46875
0.125 0.5
0.125 0.53125
0.125 0.5625
0.125 0.59375
0.125 0.625
0.125 0.65625
0.125 0.6875
0.125 0.71875
0.125 0.75
0.125 0.78125
0.125 0.8125
0.125 0.84375
0.125 0.875
0.125 0.90625
0.125 0.9375
0.125 0.96875
0.125 1
0.15625 0
0.15625 0.03125
0.15625 0.0625
0.15625 0.09375
0.15625 0.125
0.15625 0.15625
0.15625 0.1875
0.15625 0.21875
0.15625 0.25
0.15625 0.28125
0.15625 0.3125
0.15625 0.34375
0.15625 0.375
0.15625 0.40625
0.15625 0.4375
0.15625 0.46875
0.15625 0.5
0.15625 0.53125
0.15625 0.5625
0.15625 0.59375
0.15625 0.625
0.15625 0.65625
0.15625 0.6875
0.15625 0.71875
0.15625 0.75
0.15625 0.78125
0.15625 0.8125
0.15625 0.84375
0.15625 0.875
0.15625 0.90625
0.15625 0.9375
0.15625 0.96875
0.15625 1
0.1875 0
0.1875 0.03125
0.1875 0.0625
0.1875 0.09375
0.1875 0.125
0.1875 0.15625
0.1875 0.1875
0.1875 0.21875
0.1875 0.25
0.1875 0.28125
0.1875 0.3125
0.1875 0.34375
0.1875 0.375
0.1875 0.40625
0.1875 0.4375
0.1875 0.46875
0.1875 0.5
0.1875 0.53125
0.1875 0.5625
0.1875 0.59375
0.1875 0.625
0.1875 0.65625
0.1875 0.6875
0.1875 0.71875
0.1875 0.75
0.1875 0.78125
0.1875 0.8125
0.1875 0.84375
0.1875 0.875
0.1875 0.90625
0.1875 0.9375
0.1875 0.96875
0.1875 1
0.21875 0
0.21875 0.03125
0.21875 0.0625
0.21875 0.09375
0.21875 0.125
0.21875 0.15625
0.21875 0.1875
0.21875 0.21875
0.21875 0.25
0.21875 0.28125
0.21875 0.3125
0.21875 0.34375
0.21875 0.375
0.21875 0.40625
0.21875 0.4375
0.21875 0.46875
0.21875 0.5
0.21875 0.53125
0.21875 0.5625
0.21875 0.59375
0.21875 0.625
0.21875 0.65625
0.21875 0.6875
0.21875 0.71875
0.21875 0.75
0.21875 0.78125
0.21875 0.8125
0.21875 0.84375
0.21875 0.875
0.21875 0.90625
0.21875 0.9375
0.21875 0.96875
0.21875 1
0.25 0
0.25 0.03125
0.25 0.0625
0.25 0.09375
0.25 0.125
0.25 0.15625
0.25 0.1875
0.25 0.21875
0.25 0.25
0.25 0.28125
0.25 0.3125
0.25 0.34375
0.25 0.375
0.25 0.40625
0.25 0.4375
0.25 0.46875
0.25 0.5
0.25 0.53125
0.25 0.5625
0.25 0.59375
0.25 0.625
0.25 0.65625
0.25 0.6875
0.25 0.71875
0.25 0.75
0.25 0.78125
0.25 0.8125
0.25 0.84375
0.25 0.875
0.25 0.90625
0.25 0.9375
0.25 0.96875
0.25 1
0.28125 0
0.28125 0.03125
0.28125 0.0625
0.28125 0.09375
0.28125 0.125
0.28125 0.15625
0.28125 0.1875
0.28125 0.21875
0.28125 0.25
0.28125 0.28125
0.28125 0.3125
0.28125 0.34375
0.28125 0.375
0.28125 0.40625
0.28125 0.4375
0.28125 0.46875
0.28125 0.5
0.28125 0.53125
0.28125 0.5625
0.28125 0.59375
0.28125 0.625
0.28125 0.65625
0.28125 0.6875
0.28125 0.71875
0.28125 0.75
0.28125 0.78125
0.28125 0.8125
0.28125 0.84375
0.28125 0.875
0.28125 0.90625
0.28125 0.9375
0.28125 0.96875
0.28125 1
0.3125 0
0.3125 0.03125
0.3125 0.0625
0.3125 0.09375
0.3125 0.125
0.3125 0.15625
0.3125 0.1875
0.3125 0.21875
0.3125 0.25
0.3125 0.28125
0.3125 0.3125
0.3125 0.34375
0.3125 0.375
0.3125 0.40625
0.3125 0.4375
0.3125 0.46875
0.3125 0.5
0.3125 0.53125
0.3125 0.5625
0.3125 0.59375
0.3125 0.625
0.3125 0.65625
0.3125 0.6875
0.3125 0.71875
0.3125 0.75
0.3125 0.78125
0.3125 0.8125
0.3125 0.84375
0.3125 0.875
0.3125 0.90625
0.3125 0.9375
0.3125 0.96875
0.3125 1
0.34375 0
0.34375 0.03125
0.34375 0.0625
0.34375 0.09375
0.34375 0.125
0.34375 0.15625
0.34375 0.1875
0.34375 0.21875
0.34375 0.25
0.34375 0.28125
0.34375 0.3125
0.34375 0.34375
0.34375 0.375
0.34375 0.40625
0.34375 0.4375
0.34375 0.46875
0.34375 0.5
0.34375 0.53125
0.34375 0.5625
0.34375 0.59375
0.34375 0.625
0.34375 0.65625
0.34375 0.6875
0.34375 0.71875
0.34375 0.75
0.34375 0.78125
0.34375 0.8125
0.34375 0.84375
0.34375 0.875
0.34375 0.90625
0.34375 0.9375
0.34375 0.96875
0.34375 1
0.375 0
0.375 0.03125
0.375 0.0625
0.375 0.09375
0.375 0.125
0.375 0.15625
0.375 0.1875
0.375 0.21875
0.375 0.25
0.375 0.28125
0.375 0.3125
0.375 0.34375
0.375 0.375
0.375 0.40625
0.375 0.4375
0.375 0.46875
0.375 0.5
0.375 0.53125
0.375 0.5625
0.375 0.59375
0.375 0.625
0.375 0.65625
0.375 0.6875
0.375 0.71875
0.375 0.75
0.375 0.78125
0.375 0.8125
0.375 0.84375
0.375 0.875
0.375 0.90625
0.375 0.9375
0.375 0.96875
0.375 1
0.40625 0
0.40625 0.03125
0.40625 0.0625
0.40625 0.09375
0.40625 0.125
0.40625 0.15625
0.40625 0.1875
0.40625 0.21875
0.40625 0.25
0.40625 0.28125
0.40625 0.3125
0.40625 0.34375
0.40625 0.375
0.40625 0.40625
0.40625 0.4375
0.40625 0.46875
0.40625 0.5
0.40625 0.53125
0.40625 0.5625
0.40625 0.59375
0.40625 0.625
0.40625 0.65625
0.40625 0.6875
0.40625 0.71875
0.40625 0.75
0.40625 0.78125
0.40625 0.8125
0.40625 0.84375
0.40625 0.875
0.40625 0.90625
0.40625 0.9375
0.40625 0.96875
0.40625 1
0.4375 0
0.4375 0.03125
0.4375 0.0625
0.4375 0.09375
0.4375 0.125
0.4375 0.15625
0.4375 0.1875
0.4375 0.21875
0.4375 0.25
0.4375 0.28125
0.4375 0.3125
0.4375 0.34375
0.4375 0.375
0.4375 0.40625
0.4375 0.4375
0.4375 0.46875
0.4375 0.5
0.4375 0.53125
0.4375 0.5625
0.4375 0.59375
0.4375 0.625
0.4375 0.65625
0.4375 0.6875
0.4375 0.71875
0.4375 0.75
0.4375 0.78125
0.4375 0.8125
0.4375 0.84375
0.4375 0.875
0.4375 0.90625
0.4375 0.9375
0.4375 0.96875
0.4375 1
0.46875 0
0.46875 0.03125
0.46875 0.0625
0.46875 0.09375
0.46875 0.125
0.46875 0.15625
0.46875 0.1875
0.46875 0.21875
0.46875 0.25
0.46875 0.28125
0.46875 0.3125
0.46875 0.34375
0.46875 0.375
0.46875 0.40625
0.46875 0.4375
0.46875 0.46875
0.46875 0.5
0.46875 0.53125
0.46875 0.5625
0.46875 0.59375
0.46875 0.625
0.46875 0.65625
0.46875 0.6875
0.46875 0.71875
0.46875 0.75
0.46875 0.78125
0.46875 0.8125
0.46875 0.84375
0.46875 0.875
0.46875 0.90625
0.46875 0.9375
0.46875 0.96875
0.46875 1
0.5 0
0.5 0.03125
0.5 0.0625
0.5 0.09375
0.5 0.125
0.5 0.15625
0.5 0.1875
0.5 0.21875
0.5 0.25
0.5 0.28125
0.5 0.3125
0.5 0.34375
0.5 0.375
0.5 0.40625
0.5 0.4375
0.5 0.46875
0.5 0.5
0.5 0.53125
0.5 0.5625
0.5 0.59375
0.5 0.625
0.5 0.65625
0.5 0.6875
0.5 0.71875
0.5 0.75
0.5 0.78125
0.5 0.8125
0.5 0.84375
0.5 0.875
0.5 0.90625
0.5 0.9375
0.5 0.96875
0.5 1
0.53125 0
0.53125 0.03125
0.53125 0.0625
0.53125 0.09375
0.53125 0.125
0.53125 0.15625
0.53125 0.1875
0.53125 0.21875
0.53125 0.25
0.53125 0.28125
0.53125 0.3125
0.53125 0.34375
0.53125 0.375
0.53125 0.40625
0.53125 0.4375
0.53125 0.46875
0.53125 0.5
0.53125 0.53125
0.53125 0.5625
0.53125 0.59375
0.53125 0.625
0.53125 0.65625
0.53125 0.6875
0.53125 0.71875
0.53125 0.75
0.53125 0.78125
0.53125 0.8125
0.53125 0.84375
0.53125 0.875
0.53125 0.90625
0.53125 0.9375
0.53125 0.96875
0.53125 1
0.5625 0
0.5625 0.03125
0.5625 0.0625
0.5625 0.09375
0.5625 0.125
0.5625 0.15625
0.5625 0.1875
0.5625 0.21875
0.5625 0.25
0.5625 0.28125
0.5625 0.3125
0.5625 0.34375
0.5625 0.375
0.5625 0.40625
0.5625 0.4375
0.5625 0.46875
0.5625 0.5
0.5625 0.53125
0.5625 0.5625
0.5625 0.59375
0.5625 0.625
0.5625 0.65625
0.5625 0.6875
0.5625 0.71875
0.5625 0.75
0.5625 0.78125
0.5625 0.8125
0.5625 0.84375
0.5625 0.875
0.5625 0.90625
0.5625 0.9375
0.5625 0.96875
0.5625 1
0.59375 0
0.59375 0.03125
0.59375 0.0625
0.59375 0.09375
0.59375 0.125
0.59375 0.15625
0.59375 0.1875
0.59375 0.21875
0.59375 0.25
0.59375 0.28125
0.59375 0.3125
0.59375 0.34375
0.59375 0.375
0.59375 0.40625
0.59375 0.4375
0.59375 0.46875
0.59375 0.5
0.59375 0.53125
0.59375 0.5625
0.59375 0.59375
0.59375 0.625
0.59375 0.65625
0.59375 0.6875
0.59375 0.71875
0.59375 0.75
0.59375 0.78125
0.59375 0.8125
0.59375 0.84375
0.59375 0.875
0.59375 0.90625
0.59375 0.9375
0.59375 0.96875
0.59375 1
0.625 0
0.625 0.03125
0.625 0.0625
0.625 0.09375
0.625 0.125
0.625 0.15625
0.625 0.1875
0.625 0.21875
0.625 0.25
0.625 0.28125
0.625 0.3125
0.625 0.34375
0.625 0.375
0.625 0.40625
0.625 0.4375
0.625 0.46875
0.625 0.5
0.625 0.53125
0.625 0.5625
0.625 0.59375
0.625 0.625
0.625 0.65625
0.625 0.6875
0.625 0.71875
0.625 0.75
0.625 0.78125
0.625 0.8125
0.625 0.84375
0.625 0.875
0.625 0.90625
0.625 0.9375
0.625 0.96875
0.625 1
0.65625 0
0.65625 0.03125
0.65625 0.0625
0.65625 0.09375
0.65625 0.125
0.65625 0.15625
0.65625 0.1875
0.65625 0.21875
0.65625 0.25
0.65625 0.28125
0.65625 0.3125
0.65625 0.34375
0.65625 0.375
0.65625 0.40625
0.65625 0.4375
0.65625 0.46875
0.65625 0.5
0.65625 0.53125
0.65625 0.5625
0.65625 0.59375
0.65625 0.625
0.65625 0.65625
0.65625 0.6875
0.65625 0.71875
0.65625 0.75
0.65625 0.78125
0.65625 0.8125
0.65625 0.84375
0.65625 0.875
0.65625 0.90625
0.65625 0.9375
0.65625 0.96875
0.65625 1
0.6875 0
0.6875 0.03125
0.6875 0.0625
0.6875 0.09375
0.6875 0.125
0.6875 0.15625
0.6875 0.1875
0.6875 0.21875
0.6875 0.25
0.6875 0.28125
0.6875 0.3125
0.6875 0.34375
0.6875 0.375
0.6875 0.40625
0.6875 0.4375
0.6875 0.46875
0.6875 0.5
0.6875 0.53125
0.6875 0.5625
0.6875 0.59375
0.6875 0.625
0.6875 0.65625
0.6875 0.6875
0.6875 0.71875
0.6875 0.75
0.6875 0.78125
0.6875 0.8125
0.6875 0.84375
0.6875 0.875
0.6875 0.90625
0.6875 0.9375
0.6875 0.96875
0.6875 1
0.71875 0
0.71875 0.03125
0.71875 0.0625
0.71875 0.09375
0.71875 0.125
0.71875 0.15625
0.71875 0.1875
0.71875 0.21875
0.71875 0.25
0.71875 0.28125
0.71875 0.3125
0.71875 0.34375
0.71875 0.375
0.71875 0.40625
0.71875 0.4375
0.71875 0.46875
0.71875 0.5
0.71875 0.53125
0.71875 0.5625
0.71875 0.59375
0.71875 0.625
0.71875 0.65625
0.71875 0.6875
0.71875 0.71875
0.71875 0.75
0.71875 0.78125
0.71875 0.8125
0.71875 0.84375
0.71875 0.875
0.71875 0.90625
0.71875 0.9375
0.71875 0.96875
0.71875 1
0.75 0
0.75 0.03125
0.75 0.0625
0.75 0.09375
0.75 0.125
0.75 0.15625
0.75 0.1875
0.75 0.21875
0.75 0.25
0.75 0.28125
0.75 0.3125
0.75 0.34375
0.75 0.375
0.75 0.40625
0.75 0.4375
0.75 0.46875
0.75 0.5
0.75 0.53125
0.75 0.5625
0.75 0.59375
0.75 0.625
0.75 0.65625
0.75 0.6875
0.75 0.71875
0.75 0.75
0.75 0.78125
0.75 0.8125
0.75 0.84375
0.75 0.875
0.75 0.90625
0.75 0.9375
0.75 0.96875
0.75 1
0.78125 0
0.78125 0.03125
0.78125 0.0625
0.78125 0.09375
0.78125 0.125
0.78125 0.15625
0.78125 0.1875
0.78125 0.21875
0.78125 0.25
0.78125 0.28125
0.78125 0.3125
0.78125 0.34375
0.78125 0.375
0.78125 0.40625
0.78125 0.4375
0.78125 0.46875
0.78125 0.5
0.78125 0.53125
0.78125 0.5625
0.78125 0.59375
0.78125 0.625
0.78125 0.65625
0.78125 0.6875
0.78125 0.71875
0.78125 0.75
0.78125 0.78125
0.78125 0.8125
0.78125 0.84375
0.78125 0.875
0.78125 0.90625
0.78125 0.9375
0.78125 0.96875
0.78125 1
0.8125 0
0.8125 0.03125
0.8125 0.0625
0.8125 0.09375
0.8125 0.125
0.8125 0.15625
0.8125 0.1875
0.8125 0.21875
0.8125 0.25
0.8125 0.28125
0.8125 0.3125
0.8125 0.34375
0.8125 0.375
0.8125 0.40625
0.8125 0.4375
0.8125 0.46875
0.8125 0.5
0.8125 0.53125
0.8125 0.5625
0.8125 0.59375
0.8125 0.625
0.8125 0.65625
0.8125 0.6875
0.8125 0.71875
0.8125 0.75
0.8125 0.78125
0.8125 0.8125
0.8125 0.84375
0.8125 0.875
0.8125 0.90625
0.8125 0.9375
0.8125 0.96875
0.8125 1
0.84375 0
0.84375 0.03125
0.84375 0.0625
0.84375 0.09375
0.84375 0.125
0.84375 0.15625
0.84375 0.1875
0.84375 0.21875
0.84375 0.25
0.84375 0.28125
0.84375 0.3125
0.84375 0.34375
0.84375 0.375
0.84375 0.40625
0.84375 0.4375
0.84375 0.46875
0.84375 0.5
0.84375 0.53125
0.84375 0.5625
0.84375 0.59375
0.84375 0.625
0.84375 0.65625
0.84375 0.6875
0.84375 0.71875
0.84375 0.75
0.84375 0.78125
0.84375 0.8125
0.84375 0.84375
0.84375 0.875
0.84375 0.90625
0.84375 0.9375
0.84375 0.96875
0.84375 1
0.875 0
0.875 0.03125
0.875 0.0625
0.875 0.09375
0.875 0.125
0.875 0.15625
0.875 0.1875
0.875 0.21875
0.875 0.25
0.875 0.28125
0.875 0.3125
0.875 0.34375
0.875 0.375
0.875 0.40625
0.875 0.4375
0.875 0.46875
0.875 0.5
0.875 0.53125
0.875 0.5625
0.875 0.59375
0.875 0.625
0.875 0.65625
0.875 0.6875
0.875 0.71875
0.875 0.75
0.875 0.78125
0.875 0.8125
0.875 0.84375
0.875 0.875
0.875 0.90625
0.875 0.9375
0.875 0.96875
0.875 1
0.90625 0
0.90625 0.03125
0.90625 0.0625
0.90625 0.09375
0.90625 0.125
0.90625 0.15625
0.90625 0.1875
0.90625 0.21875
0.90625 0.25
0.90625 0.28125
0.90625 0.3125
0.90625 0.34375
0.90625 0.375
0.90625 0.40625
0.90625 0.4375
0.90625 0.46875
0.90625 0.5
0.90625 0.53125
0.90625 0.5625
0.90625 0.59375
0.90625 0.625
0.90625 0.65625
0.90625 0.6875
0.90625 0.71875
0.90625 0.75
0.90625 0.78125
0.90625 0.8125
0.90625 0.84375
0.90625 0.875
0.90625 0.90625
0.90625 0.9375
0.90625 0.96875
0.90625 1
0.9375 0
0.9375 0.03125
0.9375 0.0625
0.9375 0.09375
0.9375 0.125
0.9375 0.15625
0.9375 0.1875
0.9375 0.21875
0.9375 0.25
0.9375 0.28125
0.9375 0.3125
0.9375 0.34375
0.9375 0.375
0.9375 0.40625
0.9375 0.4375
0.9375 0.46875
0.9375 0.5
0.9375 0.53125
0.9375 0.5625
0.9375 0.59375
0.9375 0.625
0.9375 0.65625
0.9375 0.6875
0.9375 0.71875
0.9375 0.75
0.9375 0.78125
0.9375 0.8125
0.9375 0.84375
0.9375 0.875
0.9375 0.90625
0.9375 0.9375
0.9375 0.96875
0.9375 1
0.96875 0
0.96875 0.03125
0.96875 0.0625
0.96875 0.09375
0.96875 0.125
0.96875 0.15625
0.96875 0.1875
0.96875 0.21875
0.96875 0.25
0.96875 0.28125
0.96875 0.3125
0.96875 0.34375
0.96875 0.375
0.96875 0.40625
0.96875 0.4375
0.96875 0.46875
0.96875 0.5
0.96875 0.53125
0.96875 0.5625
0.96875 0.59375
0.96875 0.625
0.96875 0.65625
0.96875 0.6875
0.96875 0.71875
0.96875 0.75
0.96875 0.78125
0.96875 0.8125
0.96875 0.84375
0.96875 0.875
0.96875 0.90625
0.96875 0.9375
0.96875 0.96875
0.96875 1
1 0
1 0.03125
1 0.0625
1 0.09375
1 0.125
1 0.15625
1 0.1875
1 0.21875
1 0.25
1 0.28125
1 0.3125
1 0.34375
1 0.375
1 0.40625
1 0.4375
1 0.46875
1 0.5
1 0.53125
1 0.5625
1 0.59375
1 0.625
1 0.65625
1 0.6875
1 0.71875
1 0.75
1 0.78125
1 0.8125
1 0.84375
1 0.875
1 0.90625
1 0.9375
1 0.96875
1 1
0.015625 0.015625
0.015625 0.046875
0.015625 0.078125
0.015625 0.109375
0.015625 0.140625
0.015625 0.171875
0.015625 0.203125
0.015625 0.234375
0.015625 0.265625
0.015625 0.296875
0.015625 0.328125
0.015625 0.359375
0.015625 0.390625
0.015625 0.421875
0.015625 0.453125
0.015625 0.484375
0.015625 0.515625
0.015625 0.546875
0.015625 0.578125
0.015625 0.609375
0.015625 0.640625
0.015625 0.671875
0.015625 0.703125
0.015625 0.734375
0.015625 0.765625
0.015625 0.796875
0.015625 0.828125
0.015625 0.859375
0.015625 0.890625
0.015625 0.921875
0.015625 0.953125
0.015625 0.984375
0.046875 0.015625
0.046875 0.046875
0.046875 0.078125
0.046875 0.109375
0.046875 0.140625
0.046875 0.171875
0.046875 0.203125
0.046875 0.234375
0.046875 0.265625
0.046875 0.296875
0.046875 0.328125
0.046875 0.359375
0.046875 0.390625
0.046875 0.421875
0.046875 0.453125
0.046875 0.484375
0.046875 0.515625
0.046875 0.546875
0.046875 0.578125
0.046875 0.609375
0.046875 0.640625
0.046875 0.671875
0.046875 0.703125
0.046875 0.734375
0.046875 0.765625
0.046875 0.796875
0.046875 0.828125
0.046875 0.859375
0.046875 0.890625
0.046875 0.921875
0.046875 0.953125
0.046875 0.984375
0.078125 0.015625
0.078125 0.046875
0.078125 0.078125
0.078125 0.109375
0.078125 0.140625
0.078125 0.171875
0.078125 0.203125
0.078125 0.234375
0.078125 0.265625
0.078125 0.296875
0.078125 0.328125
0.078125 0.359375
0.078125 0.390625
0.078125 0.421875
0.078125 0.453125
0.078125 0.484375
0.078125 0.515625
0.078125 0.546875
0.078125 0.578125
0.078125 0.609375
0.078125 0.640625
0.078125 0.671875
0.078125 0.703125
0.078125 0.734375
0.078125 0.765625
0.078125 0.796875
0.078125 0.828125
0.078125 0.859375
0.078125 0.890625
0.078125 0.921875
0.078125 0.953125
0.078125 0.984375
0.109375 0.015625
0.109375 0.046875
0.109375 0.078125
0.109375 0.109375
0.109375 0.140625
0.109375 0.171875
0.109375 0.203125
0.109375 0.234375
0.109375 0.265625
0.109375 0.296875
0.109375 0.328125
0.109375 0.359375
0.109375 0.390625
0.109375 0.421875
0.109375 0.453125
0.109375 0.484375
0.109375 0.515625
0.109375 0.546875
0.109375 0.578125
0.109375 0.609375
0.109375 0.640625
0.109375 0.671875
0.109375 0.703125
0.109375 0.734375
0.109375 0.765625
0.109375 0.796875
0.109375 0.828125
0.109375 0.859375
0.109375 0.890625
0.109375 0.921875
0.109375 0.953125
0.109375 0.984375
0.140625 0.015625
0.140625 0.046875
0.140625 0.078125
0.140625 0.109375
0.140625 0.140625
0.140625 0.171875
0.140625 0.203125
0.140625 0.234375
0.140625 0.265625
0.140625 0.296875
0.140625 0.328125
0.140625 0.359375
0.140625 0.390625
0.140625 0.421875
0.140625 0.453125
0.140625 0.484375
0.140625 0.515625
0.140625 0.546875
0.140625 0.578125
0.140625 0.609375
0.140625 0.640625
0.140625 0.671875
0.140625 0.703125
0.140625 0.734375
0.140625 0.765625
0.140625 0.796875
0.140625 0.828125
0.140625 0.859375
0.140625 0.890625
0.140625 0.921875
0.140625 0.953125
0.140625 0.984375
0.171875 0.015625
0.171875 0.046875
0.171875 0.078125
0.171875 0.109375
0.171875 0.140625
0.171875 0.171875
0.171875 0.203125
0.171875 0.234375
0.171875 0.265625
0.171875 0.296875
0.171875 0.328125
0.171875 0.359375
0.171875 0.390625
0.171875 0.421875
0.171875 0.453125
0.171875 0.484375
0.171875 0.515625
0.171875 0.546875
0.171875 0.578125
0.171875 0.609375
0.171875 0.640625
0.171875 0.671875
0.171875 0.703125
0.171875 0.734375
0.171875 0.765625
0.171875 0.796875
0.171875 0.828125
0.171875 0.859375
0.171875 0.890625
0.171875 0.921875
0.171875 0.953125
0.171875 0.984375
0.203125 0.015625
0.203125 0.046875
0.203125 0.078125
0.203125 0.109375
0.203125 0.140625
0.203125 0.171875
0.203125 0.203125
0.203125 0.234375
0.203125 0.265625
0.203125 0.296875
0.203125 0.328125
0.203125 0.359375
0.203125 0.390625
0.203125 0.421875
0.203125 0.453125
0.203125 0.484375
0.203125 0.515625
0.203125 0.546875
0.203125 0.578125
0.203125 0.609375
0.203125 0.640625
0.203125 0.671875
0.203125 0.703125
0.203125 0.734375
0.203125 0.765625
0.203125 0.796875
0.203125 0.828125
0.203125 0.859375
0.203125 0.890625
0.203125 0.921875
0.203125 0.953125
0.203125 0.984375
0.234375 0.015625
0.234375 0.046875
0.234375 0.078125
0.234375 0.109375
0.234375 0.140625
0.234375 0.171875
0.234375 0.203125
0.234375 0.234375
0.234375 0.265625
0.234375 0.296875
0.234375 0.328125
0.234375 0.359375
0.234375 0.390625
0.234375 0.421875
0.234375 0.453125
0.234375 0.484375
0.234375 0.515625
0.234375 0.546875
0.234375 0.578125
0.234375 0.609375
0.234375 0.640625
0.234375 0.671875
0.234375 0.703125
0.234375 0.734375
0.234375 0.765625
0.234375 0.796875
0.234375 0.828125
0.234375 0.859375
0.234375 0.890625
0.234375 0.921875
0.234375 0.953125
0.234375 0.984375
0.265625 0.015625
0.265625 0.046875
0.265625 0.078125
0.265625 0.109375
0.265625 0.140625
0.265625 0.171875
0.265625 0.203125
0.265625 0.234375
0.265625 0.265625
0.265625 0.296875
0.265625 0.328125
0.265625 0.359375
0.265625 0.390625
0.265625 0.421875
0.265625 0.453125
0.265625 0.484375
0.265625 0.515625
0.265625 0.546875
0.265625 0.578125
0.265625 0.609375
0.265625 0.640625
0.265625 0.671875
0.265625 0.703125
0.265625 0.734375
0.265625 0.765625
0.265625 0.796875
0.265625 0.828125
0.265625 0.859375
0.265625 0.890625
0.265625 0.921875
0.265625 0.953125
0.265625 0.984375
0.296875 0.015625
0.296875 0.046875
0.296875 0.078125
0.296875 0.109375
0.296875 0.140625
0.296875 0.171875
0.296875 0.203125
0.296875 0.234375
0.296875 0.265625
0.296875 0.296875
0.296875 0.328125
0.296875 0.359375
0.296875 0.390625
0.296875 0.421875
0.296875 0.453125
0.296875 0.484375
0.296875 0.515625
0.296875 0.546875
0.296875 0.578125
0.296875 0.609375
0.296875 0.640625
0.296875 0.671875
0.296875 0.703125
0.296875 0.734375
0.296875 0.765625
0.296875 0.796875
0.296875 0.828125
0.296875 0.859375
0.296875 0.890625
0.296875 0.921875
0.296875 0.953125
0.296875 0.984375
0.328125 0.015625
0.328125 0.046875
0.328125 0.078125
0.328125 0.109375
0.328125 0.140625
0.328125 0.171875
0.328125 0.203125
0.328125 0.234375
0.328125 0.265625
0.328125 0.296875
0.328125 0.328125
0.328125 0.359375
0.328125 0.390625
0.328125 0.421875
0.328125 0.453125
0.328125 0.484375
0.328125 0.515625
0.328125 0.546875
0.328125 0.578125
0.328125 0.609375
0.328125 0.640625
0.328125 0.671875
0.328125 0.703125
0.328125 0.734375
0.328125 0.765625
0.328125 0.796875
0.328125 0.828125
0.328125 0.859375
0.328125 0.890625
0.328125 0.921875
0.328125 0.953125
0.328125 0.984375
0.359375 0.015625
0.359375 0.046875
0.359375 0.078125
0.359375 0.109375
0.359375 0.140625
0.359375 0.171875
0.359375 0.203125
0.359375 0.234375
0.359375 0.265625
0.359375 0.296875
0.359375 0.328125
0.359375 0.359375
0.359375 0.390625
0.359375 0.421875
0.359375 0.453125
0.359375 0.484375
0.359375 0.515625
0.359375 0.546875
0.359375 0.578125
0.359375 0.609375
0.359375 0.640625
0.359375 0.671875
0.359375 0.703125
0.359375 0.734375
0.359375 0.765625
0.359375 0.796875
0.359375 0.828125
0.359375 0.859375
0.359375 0.890625
0.359375 0.921875
0.359375 0.953125
0.359375 0.984375
0.390625 0.015625
0.390625 0.046875
0.390625 0.078125
0.390625 0.109375
0.390625 0.140625
0.390625 0.171875
0.390625 0.203125
0.390625 0.234375
0.390625 0.265625
0.390625 0.296875
0.390625 0.328125
0.390625 0.359375
0.390625 0.390625
0.390625 0.421875
0.390625 0.453125
0.390625 0.484375
0.390625 0.515625
0.390625 0.546875
0.390625 0.578125
0.390625 0.609375
0.390625 0.640625
0.390625 0.671875
0.390625 0.703125
0.390625 0.734375
0.390625 0.765625
0.390625 0.796875
0.390625 0.828125
0.390625 0.859375
0.390625 0.890625
0.390625 0.921875
0.390625 0.953125
0.390625 0.984375
0.421875 0.015625
0.421875 0.046875
0.421875 0.078125
0.421875 0.109375
0.421875 0.140625
0.421875 0.171875
0.421875 0.203125
0.421875 0.234375
0.421875 0.265625
0.421875 0.296875
0.421875 0.328125
0.421875 0.359375
0.421875 0.390625
0.421875 0.421875
0.421875 0.453125
0.421875 0.484375
0.421875 0.515625
0.421875 0.546875
0.421875 0.578125
0.421875 0.609375
0.421875 0.640625
0.421875 0.671875
0.421875 0.703125
0.421875 0.734375
0.421875 0.765625
0.421875 0.796875
0.421875 0.828125
0.421875 0.859375
0.421875 0.890625
0.421875 0.921875
0.421875 0.953125
0.421875 0.984375
0.453125 0.015625
0.453125 0.046875
0.453125 0.078125
0.453125 0.109375
0.453125 0.140625
0.453125 0.171875
0.453125 0.203125
0.453125 0.234375
0.453125 0.265625
0.453125 0.296875
0.453125 0.328125
0.453125 0.359375
0.453125 0.390625
0.453125 0.421875
0.453125 0.453125
0.453125 0.484375
0.453125 0.515625
0.453125 0.546875
0.453125 0.578125
0.453125 0.609375
0.453125 0.640625
0.453125 0.671875
0.453125 0.703125
0.453125 0.734375
0.453125 0.765625
0.453125 0.796875
0.453125 0.828125
0.453125 0.859375
0.453125 0.890625
0.453125 0.921875
0.453125 0.953125
0.453125 0.984375
0.484375 0.015625
0.484375 0.046875
0.484375 0.078125
0.484375 0.109375
0.484375 0.140625
0.484375 0.171875
0.484375 0.203125
0.484375 0.234375
0.484375 0.265625
0.484375 0.296875
0.484375 0.328125
0.484375 0.359375
0.484375 0.390625
0.484375 0.421875
0.484375 0.453125
0.484375 0.484375
0.484375 0.515625
0.484375 0.546875
0.484375 0.578125
0.484375 0.609375
0.484375 0.640625
0.484375 0.671875
0.484375 0.703125
0.484375 0.734375
0.484375 0.765625
0.484375 0.796875
0.484375 0.828125
0.484375 0.859375
0.484375 0.890625
0.484375 0.921875
0.484375 0.953125
0.484375 0.984375
0.515625 0.015625
0.515625 0.046875
0.515625 0.078125
0.515625 0.109375
0.515625 0.140625
0.515625 0.171875
0.515625 0.203125
0.515625 0.234375
0.515625 0.265625
0.515625 0.296875
0.515625 0.328125
0.515625 0.359375
0.515625 0.390625
0.515625 0.421875
0.515625 0.453125
0.515625 0.484375
0.515625 0.515625
0.515625 0.546875
0.515625 0.578125
0.515625 0.609375
0.515625 0.640625
0.515625 0.671875
0.515625 0.703125
0.515625 0.734375
0.515625 0.765625
0.515625 0.796875
0.515625 0.828125
0.515625 0.859375
0.515625 0.890625
0.515625 0.921875
0.515625 0.953125
0.515625 0.984375
0.546875 0.015625
0.546875 0.046875
0.546875 0.078125
0.546875 0.109375
0.546875 0.140625
0.546875 0.171875
0.546875 0.203125
0.546875 0.234375
0.546875 0.265625
0.546875 0.296875
0.546875 0.328125
0.546875 0.359375
0.546875 0.390625
0.546875 0.421875
0.546875 0.453125
0.546875 0.484375
0.546875 0.515625
0.546875 0.546875
0.546875 0.578125
0.546875 0.609375
0.546875 0.640625
0.546875 0.671875
0.546875 0.703125
0.546875 0.734375
0.546875 0.765625
0.546875 0.796875
0.546875 0.828125
0.546875 0.859375
0.546875 0.890625
0.546875 0.921875
0.546875 0.953125
0.546875 0.984375
0.578125 0.015625
0.578125 0.046875
0.578125 0.078125
0.578125 0.109375
0.578125 0.140625
0.578125 0.171875
0.578125 0.203125
0.578125 0.234375
0.578125 0.265625
0.578125 0.296875
0.578125 0.328125
0.578125 0.359375
0.578125 0.390625
0.578125 0.421875
0.578125 0.453125
0.578125 0.484375
0.578125 0.515625
0.578125 0.546875
0.578125 0.578125
0.578125 0.609375
0.578125 0.640625
0.578125 0.671875
0.578125 0.703125
0.578125 0.734375
0.578125 0.765625
0.578125 0.796875
0.578125 0.828125
0.578125 0.859375
0.578125 0.890625
0.578125 0.921875
0.578125 0.953125
0.578125 0.984375
0.609375 0.015625
0.609375 0.046875
0.609375 0.078125
0.609375 0.109375
0.609375 0.140625
0.609375 0.171875
0.609375 0.203125
0.609375 0.234375
0.609375 0.265625
0.609375 0.296875
0.609375 0.328125
0.609375 0.359375
0.609375 0.390625
0.609375 0.421875
0.609375 0.453125
0.609375 0.484375
0.609375 0.515625
0.609375 0.546875
0.609375 0.578125
0.609375 0.609375
0.609375 0.640625
0.609375 0.671875
0.609375 0.703125
0.609375 0.734375
0.609375 0.765625
0.609375 0.796875
0.609375 0.828125
0.609375 0.859375
0.609375 0.890625
0.609375 0.921875
0.609375 0.953125
0.609375 0.984375
0.640625 0.015625
0.640625 0.046875
0.640625 0.078125
0.640625 0.109375
0.640625 0.140625
0.640625 0.171875
0.640625 0.203125
0.640625 0.234375
0.640625 0.265625
0.640625 0.296875
0.640625 0.328125
0.640625 0.359375
0.640625 0.390625
0.640625 0.421875
0.640625 0.453125
0.640625 0.484375
0.640625 0.515625
0.640625 0.546875
0.640625 0.578125
0.640625 0.609375
0.640625 0.640625
0.640625 0.671875
0.640625 0.703125
0.640625 0.734375
0.640625 0.765625
0.640625 0.796875
0.640625 0.828125
0.640625 0.859375
0.640625 0.890625
0.640625 0.921875
0.640625 0.953125
0.640625 0.984375
0.671875 0.015625
0.671875 0.046875
0.671875 0.078125
0.671875 0.109375
0.671875 0.140625
0.671875 0.171875
0.671875 0.203125
0.671875 0.234375
0.671875 0.265625
0.671875 0.296875
0.671875 0.328125
0.671875 0.359375
0.671875 0.390625
0.671875 0.421875
0.671875 0.453125
0.671875 0.484375
0.671875 0.515625
0.671875 0.546875
0.671875 0.578125
0.671875 0.609375
0.671875 0.640625
0.671875 0.671875
0.671875 0.703125
0.671875 0.734375
0.671875 0.765625
0.671875 0.796875
0.671875 0.828125
0.671875 0.859375
0.671875 0.890625
0.671875 0.921875
0.671875 0.953125
0.671875 0.984375
0.703125 0.015625
0.703125 0.046875
0.703125 0.078125
0.703125 0.109375
0.703125 0.140625
0.703125 0.171875
0.703125 0.203125
0.703125 0.234375
0.703125 0.265625
0.703125 0.296875
0.703125 0.328125
0.703125 0.359375
0.703125 0.390625
0.703125 0.421875
0.703125 0.453125
0.703125 0.484375
0.703125 0.515625
0.703125 0.546875
0.703125 0.578125
0.703125 0.609375
0.703125 0.640625
0.703125 0.671875
0.703125 0.703125
0.703125 0.734375
0.703125 0.765625
0.703125 0.796875
0.703125 0.828125
0.703125 0.859375
0.703125 0.890625
0.703125 0.921875
0.703125 0.953125
0.703125 0.984375
0.734375 0.015625
0.734375 0.046875
0.734375 0.078125
0.734375 0.109375
0.734375 0.140625
0.734375 0.171875
0.734375 0.203125
0.734375 0.234375
0.734375 0.265625
0.734375 0.296875
0.734375 0.328125
0.734375 0.359375
0.734375 0.390625
0.734375 0.421875
0.734375 0.453125
0.734375 0.484375
0.734375 0.515625
0.734375 0.546875
0.734375 0.578125
0.734375 0.609375
0.734375 0.640625
0.734375 0.671875
0.734375 0.703125
0.734375 0.734375
0.734375 0.765625
0.734375 0.796875
0.734375 0.828125
0.734375 0.859375
0.734375 0.890625
0.734375 0.921875
0.734375 0.953125
0.734375 0.984375
0.765625 0.015625
0.765625 0.046875
0.765625 0.078125
0.765625 0.109375
0.765625 0.140625
0.765625 0.171875
0.765625 0.203125
0.765625 0.234375
0.765625 0.265625
0.765625 0.296875
0.765625 0.328125
0.765625 0.359375
0.765625 0.390625
0.765625 0.421875
0.765625 0.453125
0.765625 0.484375
0.765625 0.515625
0.765625 0.546875
0.765625 0.578125
0.765625 0.609375
0.765625 0.640625
0.765625 0.671875
0.765625 0.703125
0.765625 0.734375
0.765625 0.765625
0.765625 0.796875
0.765625 0.828125
0.765625 0.859375
0.765625 0.890625
0.765625 0.921875
0.765625 0.953125
0.765625 0.984375
0.796875 0.015625
0.796875 0.046875
0.796875 0.078125
0.796875 0.109375
0.796875 0.140625
0.796875 0.171875
0.796875 0.203125
0.796875 0.234375
0.796875 0.265625
0.796875 0.296875
0.796875 0.328125
0.796875 0.359375
0.796875 0.390625
0.796875 0.421875
0.796875 0.453125
0.796875 0.484375
0.796875 0.515625
0.796875 0.546875
0.796875 0.578125
0.796875 0.609375
0.796875 0.640625
0.796875 0.671875
0.796875 0.703125
0.796875 0.734375
0.796875 0.765625
0.796875 0.796875
0.796875 0.828125
0.796875 0.859375
0.796875 0.890625
0.796875 0.921875
0.796875 0.953125
0.796875 0.984375
0.828125 0.015625
0.828125 0.046875
0.828125 0.078125
0.828125 0.109375
0.828125 0.140625
0.828125 0.171875
0.828125 0.203125
0.828125 0.234375
0.828125 0.265625
0.828125 0.296875
0.828125 0.328125
0.828125 0.359375
0.828125 0.390625
0.828125 0.421875
0.828125 0.453125
0.828125 0.484375
0.828125 0.515625
0.828125 0.546875
0.828125 0.578125
0.828125 0.609375
0.828125 0.640625
0.828125 0.671875
0.828125 0.703125
0.828125 0.734375
0.828125 0.765625
0.828125 0.796875
0.828125 0.828125
0.828125 0.859375
0.828125 0.890625
0.828125 0.921875
0.828125 0.953125
0.828125 0.984375
0.859375 0.015625
0.859375 0.046875
0.859375 0.078125
0.859375 0.109375
0.859375 0.140625
0.859375 0.171875
0.859375 0.203125
0.859375 0.234375
0.859375 0.265625
0.859375 0.296875
0.859375 0.328125
0.859375 0.359375
0.859375 0.390625
0.859375 0.421875
0.859375 0.453125
0.859375 0.484375
0.859375 0.515625
0.859375 0.546875
0.859375 0.578125
0.859375 0.609375
0.859375 0.640625
0.859375 0.671875
0.859375 0.703125
0.859375 0.734375
0.859375 0.765625
0.859375 0.796875
0.859375 0.828125
0.859375 0.859375
0.859375 0.890625
0.859375 0.921875
0.859375 0.953125
0.859375 0.984375
0.890625 0.015625
0.890625 0.046875
0.890625 0.078125
0.890625 0.109375
0.890625 0.140625
0.890625 0.171875
0.890625 0.203125
0.890625 0.234375
0.890625 0.265625
0.890625 0.296875
0.890625 0.328125
0.890625 0.359375
0.890625 0.390625
0.890625 0.421875
0.890625 0.453125
0.890625 0.484375
0.890625 0.515625
0.890625 0.546875
0.890625 0.578125
0.890625 0.609375
0.890625 0.640625
0.890625 0.671875
0.890625 0.703125
0.890625 0.734375
0.890625 0.765625
0.890625 0.796875
0.890625 0.828125
0.890625 0.859375
0.890625 0.890625
0.890625 0.921875
0.890625 0.953125
0.890625 0.984375
0.921875 0.015625
0.921875 0.046875
0.921875 0.078125
0.921875 0.109375
0.921875 0.140625
0.921875 0.171875
0.921875 0.203125
0.921875 0.234375
0.921875 0.265625
0.921875 0.296875
0.921875 0.328125
0.921875 0.359375
0.921875 0.390625
0.921875 0.421875
0.921875 0.453125
0.921875 0.484375
0.921875 0.515625
0.921875 0.546875
0.921875 0.578125
0.921875 0.609375
0.921875 0.640625
0.921875 0.671875
0.921875 0.703125
0.921875 0.734375
0.921875 0.765625
0.921875 0.796875
0.921875 0.828125
0.921875 0.859375
0.921875 0.890625
0.921875 0.921875
0.921875 0.953125
0.921875 0.984375
0.953125 0.015625
0.953125 0.046875
0.953125 0.078125
0.953125 0.109375
0.953125 0.140625
0.953125 0.171875
0.953125 0.203125
0.953125 0.234375
0.953125 0.265625
0.953125 0.296875
0.953125 0.328125
0.953125 0.359375
0.953125 0.390625
0.953125 0.421875
0.953125 0.453125
0.953125 0.484375
0.953125 0.515625
0.953125 0.546875
0.953125 0.578125
0.953125 0.609375
0.953125 0.640625
0.953125 0.671875
0.953125 0.703125
0.953125 0.734375
0.953125 0.765625
0.953125 0.796875
0.953125 0.828125
0.953125 0.859375
0.953125 0.890625
0.953125 0.921875
0.953125 0.953125
0.953125 0.984375
0.984375 0.015625
0.984375 0.046875
0.984375 0.078125
0.984375 0.109375
0.984375 0.140625
0.984375 0.171875
0.984375 0.203125
0.984375 0.234375
0.984375 0.265625
0.984375 0.296875
0.984375 0.328125
0.984375 0.359375
0.984375 0.390625
0.984375 0.421875
0.984375 0.453125
0.984375 0.484375
0.984375 0.515625
0.984375 0.546875
0.984375 0.578125
0.984375 0.609375
0.984375 0.640625
0.984375 0.671875
0.984375 0.703125
0.984375 0.734375
0.984375 0.765625
0.984375 0.796875
0.984375 0.828125
0.984375 0.859375
0.984375 0.890625
0.984375 0.921875
0.984375 0.953125
0.984375 0.984375
4096
1090 2 1
1090 1 34
1090 34 35
1090 35 2
1091 3 2
1091 2 35
1091 35 36
1091 36 3
1092 4 3
1092 3 36
1092 36 37
1092 37 4
1093 5 4
1093 4 37
1093 37 38
1093 38 5
1094 6 5
1094 5 38
1094 38 39
1094 39 6
1095 7 6
1095 6 39
1095 39 40
1095 40 7
1096 8 7
1096 7 40
1096 40 41
1096 41 8
1097 9 8
1097 8 41
1097 41 42
1097 42 9
1098 10 9
1098 9 42
1098 42 43
1098 43 10
1099 11 10
1099 10 43
1099 43 44
1099 44 11
1100 12 11
1100 11 44
1100 44 45
1100 45 12
1101 13 12
1101 12 45
1101 45 46
1101 46 13
1102 14 13
1102 13 46
1102 46 47
1102 47 14
1103 15 14
1103 14 47
1103 47 48
1103 48 15
1104 16 15
1104 15 48
1104 48 49
1104 49 16
1105 17 16
1105 16 49
1105 49 50
1105 50 17
1106 18 17
1106 17 50
1106 50 51
1106 51 18
1107 19 18
1107 18 51
1107 51 52
1107 52 19
1108 20 19
1108 19 52
1108 52 53
1108 53 20
1109 21 20
1109 20 53
1109 53 54
1109 54 21
1110 22 21
1110 21 54
1110 54 55
1110 55 22
1111 23 22
1111 22 55
1111 55 56
1111 56 23
1112 24 23
1112 23 56
1112 56 57
1112 57 24
1113 25 24
1113 24 57
1113 57 58
1113 58 25
1114 26 25
1114 25 58
1114 58 59
1114 59 26
1115 27 26
1115 26 59
1115 59 60
1115 60 27
1116 28 27
1116 27 60
1116 60 61
1116 61 28
1117 29 28
1117 28 61
1117 61 62
1117 62 29
1118 30 29
1118 29 62
1118 62 63
1118 63 30
1119 31 30
1119 30 63
1119 63 64
1119 64 31
1120 32 31
1120 31 64
1120 64 65
1120 65 32
1121 33 32
1121 32 65
1121 65 66
1121 66 33
1122 35 34
1122 34 67
1122 67 68
1122 68 35
1123 36 35
1123 35 68
1123 68 69
1123 69 36
1124 37 36
1124 36 69
1124 69 70
1124 70 37
1125 38 37
1125 37 70
1125 70 71
1125 71 38
1126 39 38
1126 38 71
1126 71 72
1126 72 39
1127 40 39
1127 39 72
1127 72 73
1127 73 40
1128 41 40
1128 40 73
1128 73 74
1128 74 41
1129 42 41
1129 41 74
1129 74 75
1129 75 42
1130 43 42
1130 42 75
1130 75 76
1130 76 43
1131 44 43
1131 43 76
1131 76 77
1131 77 44
1132 45 44
1132 44 77
1132 77 78
1132 78 45
1133 46 45
1133 45 78
1133 78 79
1133 79 46
1134 47 46
1134 46 79
1134 79 80
1134 80 47
1135 48 47
1135 47 80
1135 80 81
1135 81 48
1136 49 48
1136 48 81
1136 81 82
1136 82 49
1137 50 49
1137 49 82
1137 82 83
1137 83 50
1138 51 50
1138 50 83
1138 83 84
1138 84 51
1139 52 51
1139 51 84
1139 84 85
1139 85 52
1140 53 52
1140 52 85
1140 85 86
1140 86 53
1141 54 53
1141 53 86
1141 86 87
1141 87 54
1142 55 54
1142 54 87
1142 87 88
1142 88 55
1143 56 55
1143 55 88
1143 88 89
1143 89 56
1144 57 56
1144 56 89
1144 89 90
1144 90 57
1145 58 57
1145 57 90
1145 90 91
1145 91 58
1146 59 58
1146 58 91
1146 91 92
1146 92 59
1147 60 59
1147 59 92
1147 92 93
1147 93 60
1148 61 60
1148 60 93
1148 93 94
1148 94 61
1149 62 61
1149 61 94
1149 94 95
1149 95 62
1150 63 62
1150 62 95
1150 95 96
1150 96 63
1151 64 63
1151 63 96
1151 96 97
1151 97 64
1152 65 64
1152 64 97
1152 97 98
1152 98 65
1153 66 65
1153 65 98
1153 98 99
1153 99 66
1154 68 67
1154 67 100
1154 100 101
1154 101 68
1155 69 68
1155 68 101
1155 101 102
1155 102 69
1156 70 69
1156 69 102
1156 102 103
1156 103 70
1157 71 70
1157 70 103
1157 103 104
1157 104 71
1158 72 71
1158 71 104
1158 104 105
1158 105 72
1159 73 72
1159 72 105
1159 105 106
1159 106 73
1160 74 73
1160 73 106
1160 106 107
1160 107 74
1161 75 74
1161 74 107
1161 107 108
1161 108 75
1162 76 75
1162 75 108
1162 108 109
1162 109 76
1163 77 76
1163 76 109
1163 109 110
1163 110 77
1164 78 77
1164 77 110
1164 110 111
1164 111 78
1165 79 78
1165 78 111
1165 111 112
1165 112 79
1166 80 79
1166 79 112
1166 112 113
1166 113 80
1167 81 80
1167 80 113
1167 113 114
1167 114 81
1168 82 81
1168 81 114
1168 114 115
1168 115 82
1169 83 82
1169 82 115
1169 115 116
1169 116 83
1170 84 83
1170 83 116
1170 116 117
1170 117 84
1171 85 84
1171 84 117
1171 117 118
1171 118 85
1172 86 85
1172 85 118
1172 118 119
1172 119 86
1173 87 86
1173 86 119
1173 119 120
1173 120 87
1174 88 87
1174 87 120
1174 120 121
1174 121 88
1175 89 88
1175 88 121
1175 121 122
1175 122 89
1176 90 89
1176 89 122
1176 122 123
1176 123 90
1177 91 90
1177 90 123
1177 123 124
1177 124 91
1178 92 91
1178 91 124
1178 124 125
1178 125 92
1179 93 92
1179 92 125
1179 125 126
1179 126 93
1180 94 93
1180 93 126
1180 126 127
1180 127 94
1181 95 94
1181 94 127
1181 127 128
1181 128 95
1182 96 95
1182 95 128
1182 128 129
1182 129 96
1183 97 96
1183 96 129
1183 129 130
1183 130 97
1184 98 97
1184 97 130
1184 130 131
1184 131 98
1185 99 98
1185 98 131
1185 131 132
1185 132 99
1186 101 100
1186 100 133
1186 133 134
1186 134 101
1187 102 101
1187 101 134
1187 134 135
1187 135 102
1188 103 102
1188 102 135
1188 135 136
1188 136 103
1189 104 103
1189 103 136
1189 136 137
1189 137 104
1190 105 104
1190 104 137
1190 137 138
1190 138 105
1191 106 105
1191 105 138
1191 138 139
1191 139 106
1192 107 106
1192 106 139
1192 139 140
1192 140 107
1193 108 107
1193 107 140
1193 140 141
1193 141 108
1194 109 108
1194 108 141
1194 141 142
1194 142 109
1195 110 109
1195 109 142
1195 142 143
1195 143 110
1196 111 110
1196 110 143
1196 143 144
1196 144 111
1197 112 111
1197 111 144
1197 144 145
1197 145 112
1198 113 112
1198 112 145
1198 145 146
1198 146 113
1199 114 113
1199 113 146
1199 146 147
1199 147 114
1200 115 114
1200 114 147
1200 147 148
1200 148 115
1201 116 115
1201 115 148
1201 148 149
1201 149 116
1202 117 116
1202 116 149
1202 149 150
1202 150 117
1203 118 117
1203 117 150
1203 150 151
1203 151 118
1204 119 118
1204 118 151
1204 151 152
1204 152 119
1205 120 119
1205 119 152
1205 152 153
1205 153 120
1206 121 120
1206 120 153
1206 153 154
1206 154 121
1207 122 121
1207 121 154
1207 154 155
1207 155 122
1208 123 122
1208 122 155
1208 155 156
1208 156 123
1209 124 123
1209 123 156
1209 156 157
1209 157 124
1210 125 124
1210 124 157
1210 157 158
1210 158 125
1211 126 125
1211 125 158
1211 158 159
1211 159 126
1212 127 126
1212 126 159
1212 159 160
1212 160 127
1213 128 127
1213 127 160
1213 160 161
1213 161 128
1214 129 128
1214 128 161
1214 161 162
1214 162 129
1215 130 129
1215 129 162
1215 162 163
1215 163 130
1216 131 130
1216 130 163
1216 163 164
1216 164 131
1217 132 131
1217 131 164
1217 164 165
1217 165 132
1218 134 133
1218 133 166
1218 166 167
1218 167 134
1219 135 134
1219 134 167
1219 167 168
1219 168 135
1220 136 135
1220 135 168
1220 168 169
1220 169 136
1221 137 136
1221 136 169
1221 169 170
1221 170 137
1222 138 137
1222 137 170
1222 170 171
1222 171 138
1223 139 138
1223 138 171
1223 171 172
1223 172 139
1224 140 139
1224 139 172
1224 172 173
1224 173 140
1225 141 140
1225 140 173
1225 173 174
1225 174 141
1226 142 141
1226 141 174
1226 174 175
1226 175 142
1227 143 142
1227 142 175
1227 175 176
1227 176 143
1228 144 143
1228 143 176
1228 176 177
1228 177 144
1229 145 144
1229 144 177
1229 177 178
1229 178 145
1230 146 145
1230 145 178
1230 178 179
1230 179 146
1231 147 146
1231 146 179
1231 179 180
1231 180 147
1232 148 147
1232 147 180
1232 180 181
1232 181 148
1233 149 148
1233 148 181
1233 181 182
1233 182 149
1234 150 149
1234 149 182
1234 182 183
1234 183 150
1235 151 150
1235 150 183
1235 183 184
1235 184 151
1236 152 151
1236 151 184
1236 184 185
1236 185 152
1237 153 152
1237 152 185
1237 185 186
1237 186 153
1238 154 153
1238 153 186
1238 186 187
1238 187 154
1239 155 154
1239 154 187
1239 187 188
1239 188 155
1240 156 155
1240 155 188
1240 188 189
1240 189 156
1241 157 156
1241 156 189
1241 189 190
1241 190 157
1242 158 157
1242 157 190
1242 190 191
1242 191 158
1243 159 158
1243 158 191
1243 191 192
1243 192 159
1244 160 159
1244 159 192
1244 192 193
1244 193 160
1245 161 160
1245 160 193
1245 193 194
1245 194 161
1246 162 161
1246 161 194
1246 194 195
1246 195 162
1247 163 162
1247 162 195
1247 195 196
1247 196 163
1248 164 163
1248 163 196
1248 196 197
1248 197 164
1249 165 164
1249 164 197
1249 197 198
1249 198 165
1250 167 166
1250 166 199
1250 199 200
1250 200 167
1251 168 167
1251 167 200
1251 200 201
1251 201 168
1252 169 168
1252 168 201
1252 201 202
1252 202 169
1253 170 169
1253 169 202
1253 202 203
1253 203 170
1254 171 170
1254 170 203
1254 203 204
1254 204 171
1255 172 171
1255 171 204
1255 204 205
1255 205 172
1256 173 172
1256 172 205
1256 205 206
1256 206 173
1257 174 173
1257 173 206
1257 206 207
1257 207 174
1258 175 174
1258 174 207
1258 207 208
1258 208 175
1259 176 175
1259 175 208
1259 208 209
1259 209 176
1260 177 176
1260 176 209
1260 209 210
1260 210 177
1261 178 177
1261 177 210
1261 210 211
1261 211 178
1262 179 178
1262 178 211
1262 211 212
1262 212 179
1263 180 179
1263 179 212
1263 212 213
1263 213 180
1264 181 180
1264 180 213
1264 213 214
1264 214 181
1265 182 181
1265 181 214
1265 214 215
1265 215 182
1266 183 182
1266 182 215
1266 215 216
1266 216 183
1267 184 183
1267 183 216
1267 216 217
1267 217 184
1268 185 184
1268 184 217
1268 217 218
1268 218 185
1269 186 185
1269 185 218
1269 218 219
1269 219 186
1270 187 186
1270 186 219
1270 219 220
1270 220 187
1271 188 187
1271 187 220
1271 220 221
1271 221 188
1272 189 188
1272 188 221
1272 221 222
1272 222 189
1273 190 189
1273 189 222
1273 222 223
1273 223 190
1274 191 190
1274 190 223
1274 223 224
1274 224 191
1275 192 191
1275 191 224
1275 224 225
1275 225 192
1276 193 192
1276 192 225
1276 225 226
1276 226 193
1277 194 193
1277 193 226
1277 226 227
1277 227 194
1278 195 194
1278 194 227
1278 227 228
1278 228 195
1279 196 195
1279 195 228
1279 228 229
1279 229 196
1280 197 196
1280 196 229
1280 229 230
1280 230 197
1281 198 197
1281 197 230
1281 230 231
1281 231 198
1282 200 199
1282 199 232
1282 232 233
1282 233 200
1283 201 200
1283 200 233
1283 233 234
1283 234 201
1284 202 201
1284 201 234
1284 234 235
1284 235 202
1285 203 202
1285 202 235
1285 235 236
1285 236 203
1286 204 203
1286 203 236
1286 236 237
1286 237 204
1287 205 204
1287 204 237
1287 237 238
1287 238 205
1288 206 205
1288 205 238
1288 238 239
1288 239 206
1289 207 206
1289 206 239
1289 239 240
1289 240 207
1290 208 207
1290 207 240
1290 240 241
1290 241 208
1291 209 208
1291 208 241
1291 241 242
1291 242 209
1292 210 209
1292 209 242
1292 242 243
1292 243 210
1293 211 210
1293 210 243
1293 243 244
1293 244 211
1294 212 211
1294 211 244
1294 244 245
1294 245 212
1295 213 212
1295 212 245
1295 245 246
1295 246 213
1296 214 213
1296 213 246
1296 246 247
1296 247 214
1297 215 214
1297 214 247
1297 247 248
1297 248 215
1298 216 215
1298 215 248
1298 248 249
1298 249 216
1299 217 216
1299 216 249
1299 249 250
1299 250 217
1300 218 217
1300 217 250
1300 250 251
1300 251 218
1301 219 218
1301 218 251
1301 251 252
1301 252 219
1302 220 219
1302 219 252
1302 252 253
1302 253 220
1303 221 220
1303 220 253
1303 253 254
1303 254 221
1304 222 221
1304 221 254
1304 254 255
1304 255 222
1305 223 222
1305 222 255
1305 255 256
1305 256 223
1306 224 223
1306 223 256
1306 256 257
1306 257 224
1307 225 224
1307 224 257
1307 257 258
1307 258 225
1308 226 225
1308 225 258
1308 258 259
1308 259 226
1309 227 226
1309 226 259
1309 259 260
1309 260 227
1310 228 227
1310 227 260
1310 260 261
1310 261 228
1311 229 228
1311 228 261
1311 261 262
1311 262 229
1312 230 229
1312 229 262
1312 262 263
1312 263 230
1313 231 230
1313 230 263
1313 263 264
1313 264 231
1314 233 232
1314 232 265
1314 265 266
1314 266 233
1315 234 233
1315 233 266
1315 266 267
1315 267 234
1316 235 234
1316 234 267
1316 267 268
1316 268 235
1317 236 235
1317 235 268
1317 268 269
1317 269 236
1318 237 236
1318 236 269
1318 269 270
1318 270 237
1319 238 237
1319 237 270
1319 270 271
1319 271 238
1320 239 238
1320 238 271
1320 271 272
1320 272 239
1321 240 239
1321 239 272
1321 272 273
1321 273 240
1322 241 240
1322 240 273
1322 273 274
1322 274 241
1323 242 241
1323 241 274
1323 274 275
1323 275 242
1324 243 242
1324 242 275
1324 275 276
1324 276 243
1325 244 243
1325 243 276
1325 276 277
1325 277 244
1326 245 244
1326 244 277
1326 277 278
1326 278 245
1327 246 245
1327 245 278
1327 278 279
1327 279 246
1328 247 246
1328 246 279
1328 279 280
1328 280 247
1329 248 247
1329 247 280
1329 280 281
1329 281 248
1330 249 248
1330 248 281
1330 281 282
1330 282 249
1331 250 249
1331 249 282
1331 282 283
1331 283 250
1332 251 250
1332 250 283
1332 283 284
1332 284 251
1333 252 251
1333 251 284
1333 284 285
1333 285 252
1334 253 252
1334 252 285
1334 285 286
1334 286 253
1335 254 253
1335 253 286
1335 286 287
1335 287 254
1336 255 254
1336 254 287
1336 287 288
1336 288 255
1337 256 255
1337 255 288
1337 288 289
1337 289 256
1338 257 256
1338 256 289
1338 289 290
1338 290 257
1339 258 257
1339 257 290
1339 290 291
1339 291 258
1340 259 258
1340 258 291
1340 291 292
1340 292 259
1341 260 259
1341 259 292
1341 292 293
1341 293 260
1342 261 260
1342 260 293
1342 293 294
1342 294 261
1343 262 261
1343 261 294
1343 294 295
1343 295 262
1344 263 262
1344 262 295
1344 295 296
1344 296 263
1345 264 263
1345 263 296
1345 296 297
1345 297 264
1346 266 265
1346 265 298
1346 298 299
1346 299 266
1347 267 266
1347 266 299
1347 299 300
1347 300 267
1348 268 267
1348 267 300
1348 300 301
1348 301 268
1349 269 268
1349 268 301
1349 301 302
1349 302 269
1350 270 269
1350 269 302
1350 302 303
1350 303 270
1351 271 270
1351 270 303
1351 303 304
1351 304 271
1352 272 271
1352 271 304
1352 304 305
1352 305 272
1353 273 272
1353 272 305
1353 305 306
1353 306 273
1354 274 273
1354 273 306
1354 306 307
1354 307 274
1355 275 274
1355 274 307
1355 307 308
1355 308 275
1356 276 275
1356 275 308
1356 308 309
1356 309 276
1357 277 276
1357 276 309
1357 309 310
1357 310 277
1358 278 277
1358 277 310
1358 310 311
1358 311 278
1359 279 278
1359 278 311
1359 311 312
1359 312 279
1360 280 279
1360 279 312
1360 312 313
1360 313 280
1361 281 280
1361 280 313
1361 313 314
1361 314 281
1362 282 281
1362 281 314
1362 314 315
1362 315 282
1363 283 282
1363 282 315
1363 315 316
1363 316 283
1364 284 283
1364 283 316
1364 316 317
1364 317 284
1365 285 284
1365 284 317
1365 317 318
1365 318 285
1366 286 285
1366 285 318
1366 318 319
1366 319 286
1367 287 286
1367 286 319
1367 319 320
1367 320 287
1368 288 287
1368 287 320
1368 320 321
1368 321 288
1369 289 288
1369 288 321
1369 321 322
1369 322 289
1370 290 289
1370 289 322
1370 322 323
1370 323 290
1371 291 290
1371 290 323
1371 323 324
1371 324 291
1372 292 291
1372 291 324
1372 324 325
1372 325 292
1373 293 292
1373 292 325
1373 325 326
1373 326 293
1374 294 293
1374 293 326
1374 326 327
1374 327 294
1375 295 294
1375 294 327
1375 327 328
1375 328 295
1376 296 295
1376 295 328
1376 328 329
1376 329 296
1377 297 296
1377 296 329
1377 329 330
1377 330 297
1378 299 298
1378 298 331
1378 331 332
1378 332 299
1379 300 299
1379 299 332
1379 332 333
1379 333 300
1380 301 300
1380 300 333
1380 333 334
1380 334 301
1381 302 301
1381 301 334
1381 334 335
1381 335 302
1382 303 302
1382 302 335
1382 335 336
1382 336 303
1383 304 303
1383 303 336
1383 336 337
1383 337 304
1384 305 304
1384 304 337
1384 337 338
1384 338 305
1385 306 305
1385 305 338
1385 338 339
1385 339 306
1386 307 306
1386 306 339
1386 339 340
1386 340 307
1387 308 307
1387 307 340
1387 340 341
1387 341 308
1388 309 308
1388 308 341
1388 341 342
1388 342 309
1389 310 309
1389 309 342
1389 342 343
1389 343 310
1390 311 310
1390 310 343
1390 343 344
1390 344 311
1391 312 311
1391 311 344
1391 344 345
1391 345 312
1392 313 312
1392 312 345
1392 345 346
1392 346 313
1393 314 313
1393 313 346
1393 346 347
1393 347 314
1394 315 314
1394 314 347
1394 347 348
1394 348 315
1395 316 315
1395 315 348
1395 348 349
1395 349 316
1396 317 316
1396 316 349
1396 349 350
1396 350 317
1397 318 317
1397 317 350
1397 350 351
1397 351 318
1398 319 318
1398 318 351
1398 351 352
1398 352 319
1399 320 319
1399 319 352
1399 352 353
1399 353 320
1400 321 320
1400 320 353
1400 353 354
1400 354 321
1401 322 321
1401 321 354
1401 354 355
1401 355 322
1402 323 322
1402 322 355
1402 355 356
1402 356 323
1403 324 323
1403 323 356
1403 356 357
1403 357 324
1404 325 324
1404 324 357
1404 357 358
1404 358 325
1405 326 325
1405 325 358
1405 358 359
1405 359 326
1406 327 326
1406 326 359
1406 359 360
1406 360 327
1407 328 327
1407 327 360
1407 360 361
1407 361 328
1408 329 328
1408 328 361
1408 361 362
1408 362 329
1409 330 329
1409 329 362
1409 362 363
1409 363 330
1410 332 331
1410 331 364
1410 364 365
1410 365 332
1411 333 332
1411 332 365
1411 365 366
1411 366 333
1412 334 333
1412 333 366
1412 366 367
1412 367 334
1413 335 334
1413 334 367
1413 367 368
1413 368 335
1414 336 335
1414 335 368
1414 368 369
1414 369 336
1415 337 336
1415 336 369
1415 369 370
1415 370 337
1416 338 337
1416 337 370
1416 370 371
1416 371 338
1417 339 338
1417 338 371
1417 371 372
1417 372 339
1418 340 339
1418 339 372
1418 372 373
1418 373 340
1419 341 340
1419 340 373
1419 373 374
1419 374 341
1420 342 341
1420 341 374
1420 374 375
1420 375 342
1421 343 342
1421 342 375
1421 375 376
1421 376 343
1422 344 343
1422 343 376
1422 376 377
1422 377 344
1423 345 344
1423 344 377
1423 377 378
1423 378 345
1424 346 345
1424 345 378
1424 378 379
1424 379 346
1425 347 346
1425 346 379
1425 379 380
1425 380 347
1426 348 347
1426 347 380
1426 380 381
1426 381 348
1427 349 348
1427 348 381
1427 381 382
1427 382 349
1428 350 349
1428 349 382
1428 382 383
1428 383 350
1429 351 350
1429 350 383
1429 383 384
1429 384 351
1430 352 351
1430 351 384
1430 384 385
1430 385 352
1431 353 352
1431 352 385
1431 385 386
1431 386 353
1432 354 353
1432 353 386
1432 386 387
1432 387 354
1433 355 354
1433 354 387
1433 387 388
1433 388 355
1434 356 355
1434 355 388
1434 388 389
1434 389 356
1435 357 356
1435 356 389
1435 389 390
1435 390 357
1436 358 357
1436 357 390
1436 390 391
1436 391 358
1437 359 358
1437 358 391
1437 391 392
1437 392 359
1438 360 359
1438 359 392
1438 392 393
1438 393 360
1439 361 360
1439 360 393
1439 393 394
1439 394 361
1440 362 361
1440 361 394
1440 394 395
1440 395 362
1441 363 362
1441 362 395
1441 395 396
1441 396 363
1442 365 364
1442 364 397
1442 397 398
1442 398 365
1443 366 365
1443 365 398
1443 398 399
1443 399 366
1444 367 366
1444 366 399
1444 399 400
1444 400 367
1445 368 367
1445 367 400
1445 400 401
1445 401 368
1446 369 368
1446 368 401
1446 401 402
1446 402 369
1447 370 369
1447 369 402
1447 402 403
1447 403 370
1448 371 370
1448 370 403
1448 403 404
1448 404 371
1449 372 371
1449 371 404
1449 404 405
1449 405 372
1450 373 372
1450 372 405
1450 405 406
1450 406 373
1451 374 373
1451 373 406
1451 406 407
1451 407 374
1452 375 374
1452 374 407
1452 407 408
1452 408 375
1453 376 375
1453 375 408
1453 408 409
1453 409 376
1454 377 376
1454 376 409
1454 409 410
1454 410 377
1455 378 377
1455 377 410
1455 410 411
1455 411 378
1456 379 378
1456 378 411
1456 411 412
1456 412 379
1457 380 379
1457 379 412
1457 412 413
1457 413 380
1458 381 380
1458 380 413
1458 413 414
1458 414 381
1459 382 381
1459 381 414
1459 414 415
1459 415 382
1460 383 382
1460 382 415
1460 415 416
1460 416 383
1461 384 383
1461 383 416
1461 416 417
1461 417 384
1462 385 384
1462 384 417
1462 417 418
1462 418 385
1463 386 385
1463 385 418
1463 418 419
1463 419 386
1464 387 386
1464 386 419
1464 419 420
1464 420 387
1465 388 387
1465 387 420
1465 420 421
1465 421 388
1466 389 388
1466 388 421
1466 421 422
1466 422 389
1467 390 389
1467 389 422
1467 422 423
1467 423 390
1468 391 390
1468 390 423
1468 423 424
1468 424 391
1469 392 391
1469 391 424
1469 424 425
1469 425 392
1470 393 392
1470 392 425
1470 425 426
1470 426 393
1471 394 393
1471 393 426
1471 426 427
1471 427 394
1472 395 394
1472 394 427
1472 427 428
1472 428 395
1473 396 395
1473 395 428
1473 428 429
1473 429 396
1474 398 397
1474 397 430
1474 430 431
1474 431 398
1475 399 398
1475 398 431
1475 431 432
1475 432 399
1476 400 399
1476 399 432
1476 432 433
1476 433 400
1477 401 400
1477 400 433
1477 433 434
1477 434 401
1478 402 401
1478 401 434
1478 434 435
1478 435 402
1479 403 402
1479 402 435
1479 435 436
1479 436 403
1480 404 403
1480 403 436
1480 436 437
1480 437 404
1481 405 404
1481 404 437
1481 437 438
1481 438 405
1482 406 405
1482 405 438
1482 438 439
1482 439 406
1483 407 406
1483 406 439
1483 439 440
1483 440 407
1484 408 407
1484 407 440
1484 440 441
1484 441 408
1485 409 408
1485 408 441
1485 441 442
1485 442 409
1486 410 409
1486 409 442
1486 442 443
1486 443 410
1487 411 410
1487 410 443
1487 443 444
1487 444 411
1488 412 411
1488 411 444
1488 444 445
1488 445 412
1489 413 412
1489 412 445
1489 445 446
1489 446 413
1490 414 413
1490 413 446
1490 446 447
1490 447 414
1491 415 414
1491 414 447
1491 447 448
1491 448 415
1492 416 415
1492 415 448
1492 448 449
1492 449 416
1493 417 416
1493 416 449
1493 449 450
1493 450 417
1494 418 417
1494 417 450
1494 450 451
1494 451 418
1495 419 418
1495 418 451
1495 451 452
1495 452 419
1496 420 419
1496 419 452
1496 452 453
1496 453 420
1497 421 420
1497 420 453
1497 453 454
1497 454 421
1498 422 421
1498 421 454
1498 454 455
1498 455 422
1499 423 422
1499 422 455
1499 455 456
1499 456 423
1500 424 423
1500 423 456
1500 456 457
1500 457 424
1501 425 424
1501 424 457
1501 457 458
1501 458 425
1502 426 425
1502 425 458
1502 458 459
1502 459 426
1503 427 426
1503 426 459
1503 459 460
1503 460 427
1504 428 427
1504 427 460
1504 460 461
1504 461 428
1505 429 428
1505 428 461
1505 461 462
1505 462 429
1506 431 430
1506 430 463
1506 463 464
1506 464 431
1507 432 431
1507 431 464
1507 464 465
1507 465 432
1508 433 432
1508 432 465
1508 465 466
1508 466 433
1509 434 433
1509 433 466
1509 466 467
1509 467 434
1510 435 434
1510 434 467
1510 467 468
1510 468 435
1511 436 435
1511 435 468
1511 468 469
1511 469 436
1512 437 436
1512 436 469
1512 469 470
1512 470 437
1513 438 437
1513 437 470
1513 470 471
1513 471 438
1514 439 438
1514 438 471
1514 471 472
1514 472 439
1515 440 439
1515 439 472
1515 472 473
1515 473 440
1516 441 440
1516 440 473
1516 473 474
1516 474 441
1517 442 441
1517 441 474
1517 474 475
1517 475 442
1518 443 442
1518 442 475
1518 475 476
1518 476 443
1519 444 443
1519 443 476
1519 476 477
1519 477 444
1520 445 444
1520 444 477
1520 477 478
1520 478 445
1521 446 445
1521 445 478
1521 478 479
1521 479 446
1522 447 446
1522 446 479
1522 479 480
1522 480 447
1523 448 447
1523 447 480
1523 480 481
1523 481 448
1524 449 448
1524 448 481
1524 481 482
1524 482 449
1525 450 449
1525 449 482
1525 482 483
1525 483 450
1526 451 450
1526 450 483
1526 483 484
1526 484 451
1527 452 451
1527 451 484
1527 484 485
1527 485 452
1528 453 452
1528 452 485
1528 485 486
1528 486 453
1529 454 453
1529 453 486
1529 486 487
1529 487 454
1530 455 454
1530 454 487
1530 487 488
1530 488 455
1531 456 455
1531 455 488
1531 488 489
1531 489 456
1532 457 456
1532 456 489
1532 489 490
1532 490 457
1533 458 457
1533 457 490
1533 490 491
1533 491 458
1534 459 458
1534 458 491
1534 491 492
1534 492 459
1535 460 459
1535 459 492
1535 492 493
1535 493 460
1536 461 460
1536 460 493
1536 493 494
1536 494 461
1537 462 461
1537 461 494
1537 494 495
1537 495 462
1538 464 463
1538 463 496
1538 496 497
1538 497 464
1539 465 464
1539 464 497
1539 497 498
1539 498 465
1540 466 465
1540 465 498
1540 498 499
1540 499 466
1541 467 466
1541 466 499
1541 499 500
1541 500 467
1542 468 467
1542 467 500
1542 500 501
1542 501 468
1543 469 468
1543 468 501
1543 501 502
1543 502 469
1544 470 469
1544 469 502
1544 502 503
1544 503 470
1545 471 470
1545 470 503
1545 503 504
1545 504 471
1546 472 471
1546 471 504
1546 504 505
1546 505 472
1547 473 472
1547 472 505
1547 505 506
1547 506 473
1548 474 473
1548 473 506
1548 506 507
1548 507 474
1549 475 474
1549 474 507
1549 507 508
1549 508 475
1550 476 475
1550 475 508
1550 508 509
1550 509 476
1551 477 476
1551 476 509
1551 509 510
1551 510 477
1552 478 477
1552 477 510
1552 510 511
1552 511 478
1553 479 478
1553 478 511
1553 511 512
1553 512 479
1554 480 479
1554 479 512
1554 512 513
1554 513 480
1555 481 480
1555 480 513
1555 513 514
1555 514 481
1556 482 481
1556 481 514
1556 514 515
1556 515 482
1557 483 482
1557 482 515
1557 515 516
1557 516 483
1558 484 483
1558 483 516
1558 516 517
1558 517 484
1559 485 484
1559 484 517
1559 517 518
1559 518 485
1560 486 485
1560 485 518
1560 518 519
1560 519 486
1561 487 486
1561 486 519
1561 519 520
1561 520 487
1562 488 487
1562 487 520
1562 520 521
1562 521 488
1563 489 488
1563 488 521
1563 521 522
1563 522 489
1564 490 489
1564 489 522
1564 522 523
1564 523 490
1565 491 490
1565 490 523
1565 523 524
1565 524 491
1566 492 491
1566 491 524
1566 524 525
1566 525 492
1567 493 492
1567 492 525
1567 525 526
1567 526 493
1568 494 493
1568 493 526
1568 526 527
1568 527 494
1569 495 494
1569 494 527
1569 527 528
1569 528 495
1570 497 496
1570 496 529
1570 529 530
1570 530 497
1571 498 497
1571 497 530
1571 530 531
1571 531 498
1572 499 498
1572 498 531
1572 531 532
1572 532 499
1573 500 499
1573 499 532
1573 532 533
1573 533 500
1574 501 500
1574 500 533
1574 533 534
1574 534 501
1575 502 501
1575 501 534
1575 534 535
1575 535 502
1576 503 502
1576 502 535
1576 535 536
1576 536 503
1577 504 503
1577 503 536
1577 536 537
1577 537 504
1578 505 504
1578 504 537
1578 537 538
1578 538 505
1579 506 505
1579 505 538
1579 538 539
1579 539 506
1580 507 506
1580 506 539
1580 539 540
1580 540 507
1581 508 507
1581 507 540
1581 540 541
1581 541 508
1582 509 508
1582 508 541
1582 541 542
1582 542 509
1583 510 509
1583 509 542
1583 542 543
1583 543 510
1584 511 510
1584 510 543
1584 543 544
1584 544 511
1585 512 511
1585 511 544
1585 544 545
1585 545 512
1586 513 512
1586 512 545
1586 545 546
1586 546 513
1587 514 513
1587 513 546
1587 546 547
1587 547 514
1588 515 514
1588 514 547
1588 547 548
1588 548 515
1589 516 515
1589 515 548
1589 548 549
1589 549 516
1590 517 516
1590 516 549
1590 549 550
1590 550 517
1591 518 517
1591 517 550
1591 550 551
1591 551 518
1592 519 518
1592 518 551
1592 551 552
1592 552 519
1593 520 519
1593 519 552
1593 552 553
1593 553 520
1594 521 520
1594 520 553
1594 553 554
1594 554 521
1595 522 521
1595 521 554
1595 554 555
1595 555 522
1596 523 522
1596 522 555
1596 555 556
1596 556 523
1597 524 523
1597 523 556
1597 556 557
1597 557 524
1598 525 524
1598 524 557
1598 557 558
1598 558 525
1599 526 525
1599 525 558
1599 558 559
1599 559 526
1600 527 526
1600 526 559
1600 559 560
1600 560 527
1601 528 527
1601 527 560
1601 560 561
1601 561 528
1602 530 529
1602 529 562
1602 562 563
1602 563 530
1603 531 530
1603 530 563
1603 563 564
1603 564 531
1604 532 531
1604 531 564
1604 564 565
1604 565 532
1605 533 532
1605 532 565
1605 565 566
1605 566 533
1606 534 533
1606 533 566
1606 566 567
1606 567 534
1607 535 534
1607 534 567
1607 567 568
1607 568 535
1608 536 535
1608 535 568
1608 568 569
1608 569 536
1609 537 536
1609 536 569
1609 569 570
1609 570 537
1610 538 537
1610 537 570
1610 570 571
1610 571 538
1611 539 538
1611 538 571
1611 571 572
1611 572 539
1612 540 539
1612 539 572
1612 572 573
1612 573 540
1613 541 540
1613 540 573
1613 573 574
1613 574 541
1614 542 541
1614 541 574
1614 574 575
1614 575 542
1615 543 542
1615 542 575
1615 575 576
1615 576 543
1616 544 543
1616 543 576
1616 576 577
1616 577 544
1617 545 544
1617 544 577
1617 577 578
1617 578 545
1618 546 545
1618 545 578
1618 578 579
1618 579 546
1619 547 546
1619 546 579
1619 579 580
1619 580 547
1620 548 547
1620 547 580
1620 580 581
1620 581 548
1621 549 548
1621 548 581
1621 581 582
1621 582 549
1622 550 549
1622 549 582
1622 582 583
1622 583 550
1623 551 550
1623 550 583
1623 583 584
1623 584 551
1624 552 551
1624 551 584
1624 584 585
1624 585 552
1625 553 552
1625 552 585
1625 585 586
1625 586 553
1626 554 553
1626 553 586
1626 586 587
1626 587 554
1627 555 554
1627 554 587
1627 587 588
1627 588 555
1628 556 555
1628 555 588
1628 588 589
1628 589 556
1629 557 556
1629 556 589
1629 589 590
1629 590 557
1630 558 557
1630 557 590
1630 590 591
1630 591 558
1631 559 558
1631 558 591
1631 591 592
1631 592 559
1632 560 559
1632 559 592
1632 592 593
1632 593 560
1633 561 560
1633 560 593
1633 593 594
1633 594 561
1634 563 562
1634 562 595
1634 595 596
1634 596 563
1635 564 563
1635 563 596
1635 596 597
1635 597 564
1636 565 564
1636 564 597
1636 597 598
1636 598 565
1637 566 565
1637 565 598
1637 598 599
1637 599 566
1638 567 566
1638 566 599
1638 599 600
1638 600 567
1639 568 567
1639 567 600
1639 600 601
1639 601 568
1640 569 568
1640 568 601
1640 601 602
1640 602 569
1641 570 569
1641 569 602
1641 602 603
1641 603 570
1642 571 570
1642 570 603
1642 603 604
1642 604 571
1643 572 571
1643 571 604
1643 604 605
1643 605 572
1644 573 572
1644 572 605
1644 605 606
1644 606 573
1645 574 573
1645 573 606
1645 606 607
1645 607 574
1646 575 574
1646 574 607
1646 607 608
1646 608 575
1647 576 575
1647 575 608
1647 608 609
1647 609 576
1648 577 576
1648 576 609
1648 609 610
1648 610 577
1649 578 577
1649 577 610
1649 610 611
1649 611 578
1650 579 578
1650 578 611
1650 611 612
1650 612 579
1651 580 579
1651 579 612
1651 612 613
1651 613 580
1652 581 580
1652 580 613
1652 613 614
1652 614 581
1653 582 581
1653 581 614
1653 614 615
1653 615 582
1654 583 582
1654 582 615
1654 615 616
1654 616 583
1655 584 583
1655 583 616
1655 616 617
1655 617 584
1656 585 584
1656 584 617
1656 617 618
1656 618 585
1657 586 585
1657 585 618
1657 618 619
1657 619 586
1658 587 586
1658 586 619
1658 619 620
1658 620 587
1659 588 587
1659 587 620
1659 620 621
1659 621 588
1660 589 588
1660 588 621
1660 621 622
1660 622 589
1661 590 589
1661 589 622
1661 622 623
1661 623 590
1662 591 590
1662 590 623
1662 623 624
1662 624 591
1663 592 591
1663 591 624
1663 624 625
1663 625 592
1664 593 592
1664 592 625
1664 625 626
1664 626 593
1665 594 593
1665 593 626
1665 626 627
1665 627 594
1666 596 595
1666 595 628
1666 628 629
1666 629 596
1667 597 596
1667 596 629
1667 629 630
1667 630 597
1668 598 597
1668 597 630
1668 630 631
1668 631 598
1669 599 598
1669 598 631
1669 631 632
1669 632 599
1670 600 599
1670 599 632
1670 632 633
1670 633 600
1671 601 600
1671 600 633
1671 633 634
1671 634 601
1672 602 601
1672 601 634
1672 634 635
1672 635 602
1673 603 602
1673 602 635
1673 635 636
1673 636 603
1674 604 603
1674 603 636
1674 636 637
1674 637 604
1675 605 604
1675 604 637
1675 637 638
1675 638 605
1676 606 605
1676 605 638
1676 638 639
1676 639 606
1677 607 606
1677 606 639
1677 639 640
1677 640 607
1678 608 607
1678 607 640
1678 640 641
1678 641 608
1679 609 608
1679 608 641
1679 641 642
1679 642 609
1680 610 609
1680 609 642
1680 642 643
1680 643 610
1681 611 610
1681 610 643
1681 643 644
1681 644 611
1682 612 611
1682 611 644
1682 644 645
1682 645 612
1683 613 612
1683 612 645
1683 645 646
1683 646 613
1684 614 613
1684 613 646
1684 646 647
1684 647 614
1685 615 614
1685 614 647
1685 647 648
1685 648 615
1686 616 615
1686 615 648
1686 648 649
1686 649 616
1687 617 616
1687 616 649
1687 649 650
1687 650 617
1688 618 617
1688 617 650
1688 650 651
1688 651 618
1689 619 618
1689 618 651
1689 651 652
1689 652 619
1690 620 619
1690 619 652
1690 652 653
1690 653 620
1691 621 620
1691 620 653
1691 653 654
1691 654 621
1692 622 621
1692 621 654
1692 654 655
1692 655 622
1693 623 622
1693 622 655
1693 655 656
1693 656 623
1694 624 623
1694 623 656
1694 656 657
1694 657 624
1695 625 624
1695 624 657
1695 657 658
1695 658 625
1696 626 625
1696 625 658
1696 658 659
1696 659 626
1697 627 626
1697 626 659
1697 659 660
1697 660 627
1698 629 628
1698 628 661
1698 661 662
1698 662 629
1699 630 629
1699 629 662
1699 662 663
1699 663 630
1700 631 630
1700 630 663
1700 663 664
1700 664 631
1701 632 631
1701 631 664
1701 664 665
1701 665 632
1702 633 632
1702 632 665
1702 665 666
1702 666 633
1703 634 633
1703 633 666
1703 666 667
1703 667 634
1704 635 634
1704 634 667
1704 667 668
1704 668 635
1705 636 635
1705 635 668
1705 668 669
1705 669 636
1706 637 636
1706 636 669
1706 669 670
1706 670 637
1707 638 637
1707 637 670
1707 670 671
1707 671 638
1708 639 638
1708 638 671
1708 671 672
1708 672 639
1709 640 639
1709 639 672
1709 672 673
1709 673 640
1710 641 640
1710 640 673
1710 673 674
1710 674 641
1711 642 641
1711 641 674
1711 674 675
1711 675 642
1712 643 642
1712 642 675
1712 675 676
1712 676 643
1713 644 643
1713 643 676
1713 676 677
1713 677 644
1714 645 644
1714 644 677
1714 677 678
1714 678 645
1715 646 645
1715 645 678
1715 678 679
1715 679 646
1716 647 646
1716 646 679
1716 679 680
1716 680 647
1717 648 647
1717 647 680
1717 680 681
1717 681 648
1718 649 648
1718 648 681
1718 681 682
1718 682 649
1719 650 649
1719 649 682
1719 682 683
1719 683 650
1720 651 650
1720 650 683
1720 683 684
1720 684 651
1721 652 651
1721 651 684
1721 684 685
1721 685 652
1722 653 652
1722 652 685
1722 685 686
1722 686 653
1723 654 653
1723 653 686
1723 686 687
1723 687 654
1724 655 654
1724 654 687
1724 687 688
1724 688 655
1725 656 655
1725 655 688
1725 688 689
1725 689 656
1726 657 656
1726 656 689
1726 689 690
1726 690 657
1727 658 657
1727 657 690
1727 690 691
1727 691 658
1728 659 658
1728 658 691
1728 691 692
1728 692 659
1729 660 659
1729 659 692
1729 692 693
1729 693 660
1730 662 661
1730 661 694
1730 694 695
1730 695 662
1731 663 662
1731 662 695
1731 695 696
1731 696 663
1732 664 663
1732 663 696
1732 696 697
1732 697 664
1733 665 664
1733 664 697
1733 697 698
1733 698 665
1734 666 665
1734 665 698
1734 698 699
1734 699 666
1735 667 666
1735 666 699
1735 699 700
1735 700 667
1736 668 667
1736 667 700
1736 700 701
1736 701 668
1737 669 668
1737 668 701
1737 701 702
1737 702 669
1738 670 669
1738 669 702
1738 702 703
1738 703 670
1739 671 670
1739 670 703
1739 703 704
1739 704 671
1740 672 671
1740 671 704
1740 704 705
1740 705 672
1741 673 672
1741 672 705
1741 705 706
1741 706 673
1742 674 673
1742 673 706
1742 706 707
1742 707 674
1743 675 674
1743 674 707
1743 707 708
1743 708 675
1744 676 675
1744 675 708
1744 708 709
1744 709 676
1745 677 676
1745 676 709
1745 709 710
1745 710 677
1746 678 677
1746 677 710
1746 710 711
1746 711 678
1747 679 678
1747 678 711
1747 711 712
1747 712 679
1748 680 679
1748 679 712
1748 712 713
1748 713 680
1749 681 680
1749 680 713
1749 713 714
1749 714 681
1750 682 681
1750 681 714
1750 714 715
1750 715 682
1751 683 682
1751 682 715
1751 715 716
1751 716 683
1752 684 683
1752 683 716
1752 716 717
1752 717 684
1753 685 684
1753 684 717
1753 717 718
1753 718 685
1754 686 685
1754 685 718
1754 718 719
1754 719 686
1755 687 686
1755 686 719
1755 719 720
1755 720 687
1756 688 687
1756 687 720
1756 720 721
1756 721 688
1757 689 688
1757 688 721
1757 721 722
1757 722 689
1758 690 689
1758 689 722
1758 722 723
1758 723 690
1759 691 690
1759 690 723
1759 723 724
1759 724 691
1760 692 691
1760 691 724
1760 724 725
1760 725 692
1761 693 692
1761 692 725
1761 725 726
1761 726 693
1762 695 694
1762 694 727
1762 727 728
1762 728 695
1763 696 695
1763 695 728
1763 728 729
1763 729 696
1764 697 696
1764 696 729
1764 729 730
1764 730 697
1765 698 697
1765 697 730
1765 730 731
1765 731 698
1766 699 698
1766 698 731
1766 731 732
1766 732 699
1767 700 699
1767 699 732
1767 732 733
1767 733 700
1768 701 700
1768 700 733
1768 733 734
1768 734 701
1769 702 701
1769 701 734
1769 734 735
1769 735 702
1770 703 702
1770 702 735
1770 735 736
1770 736 703
1771 704 703
1771 703 736
1771 736 737
1771 737 704
1772 705 704
1772 704 737
1772 737 738
1772 738 705
1773 706 705
1773 705 738
1773 738 739
1773 739 706
1774 707 706
1774 706 739
1774 739 740
1774 740 707
1775 708 707
1775 707 740
1775 740 741
1775 741 708
1776 709 708
1776 708 741
1776 741 742
1776 742 709
1777 710 709
1777 709 742
1777 742 743
1777 743 710
1778 711 710
1778 710 743
1778 743 744
1778 744 711
1779 712 711
1779 711 744
1779 744 745
1779 745 712
1780 713 712
1780 712 745
1780 745 746
1780 746 713
1781 714 713
1781 713 746
1781 746 747
1781 747 714
1782 715 714
1782 714 747
1782 747 748
1782 748 715
1783 716 715
1783 715 748
1783 748 749
1783 749 716
1784 717 716
1784 716 749
1784 749 750
1784 750 717
1785 718 717
1785 717 750
1785 750 751
1785 751 718
1786 719 718
1786 718 751
1786 751 752
1786 752 719
1787 720 719
1787 719 752
1787 752 753
1787 753 720
1788 721 720
1788 720 753
1788 753 754
1788 754 721
1789 722 721
1789 721 754
1789 754 755
1789 755 722
1790 723 722
1790 722 755
1790 755 756
1790 756 723
1791 724 723
1791 723 756
1791 756 757
1791 757 724
1792 725 724
1792 724 757
1792 757 758
1792 758 725
1793 726 725
1793 725 758
1793 758 759
1793 759 726
1794 728 727
1794 727 760
1794 760 761
1794 761 728
1795 729 728
1795 728 761
1795 761 762
1795 762 729
1796 730 729
1796 729 762
1796 762 763
1796 763 730
1797 731 730
1797 730 763
1797 763 764
1797 764 731
1798 732 731
1798 731 764
1798 764 765
1798 765 732
1799 733 732
1799 732 765
1799 765 766
1799 766 733
1800 734 733
1800 733 766
1800 766 767
1800 767 734
1801 735 734
1801 734 767
1801 767 768
1801 768 735
1802 736 735
1802 735 768
1802 768 769
1802 769 736
1803 737 736
1803 736 769
1803 769 770
1803 770 737
1804 738 737
1804 737 770
1804 770 771
1804 771 738
1805 739 738
1805 738 771
1805 771 772
1805 772 739
1806 740 739
1806 739 772
1806 772 773
1806 773 740
1807 741 740
1807 740 773
1807 773 774
1807 774 741
1808 742 741
1808 741 774
1808 774 775
1808 775 742
1809 743 742
1809 742 775
1809 775 776
1809 776 743
1810 744 743
1810 743 776
1810 776 777
1810 777 744
1811 745 744
1811 744 777
1811 777 778
1811 778 745
1812 746 745
1812 745 778
1812 778 779
1812 779 746
1813 747 746
1813 746 779
1813 779 780
1813 780 747
1814 748 747
1814 747 780
1814 780 781
1814 781 748
1815 749 748
1815 748 781
1815 781 782
1815 782 749
1816 750 749
1816 749 782
1816 782 783
1816 783 750
1817 751 750
1817 750 783
1817 783 784
1817 784 751
1818 752 751
1818 751 784
1818 784 785
1818 785 752
1819 753 752
1819 752 785
1819 785 786
1819 786 753
1820 754 753
1820 753 786
1820 786 787
1820 787 754
1821 755 754
1821 754 787
1821 787 788
1821 788 755
1822 756 755
1822 755 788
1822 788 789
1822 789 756
1823 757 756
1823 756 789
1823 789 790
1823 790 757
1824 758 757
1824 757 790
1824 790 791
1824 791 758
1825 759 758
1825 758 791
1825 791 792
1825 792 759
1826 761 760
1826 760 793
1826 793 794
1826 794 761
1827 762 761
1827 761 794
1827 794 795
1827 795 762
1828 763 762
1828 762 795
1828 795 796
1828 796 763
1829 764 763
1829 763 796
1829 796 797
1829 797 764
1830 765 764
1830 764 797
1830 797 798
1830 798 765
1831 766 765
1831 765 798
1831 798 799
1831 799 766
1832 767 766
1832 766 799
1832 799 800
1832 800 767
1833 768 767
1833 767 800
1833 800 801
1833 801 768
1834 769 768
1834 768 801
1834 801 802
1834 802 769
1835 770 769
1835 769 802
1835 802 803
1835 803 770
1836 771 770
1836 770 803
1836 803 804
1836 804 771
1837 772 771
1837 771 804
1837 804 805
1837 805 772
1838 773 772
1838 772 805
1838 805 806
1838 806 773
1839 774 773
1839 773 806
1839 806 807
1839 807 774
1840 775 774
1840 774 807
1840 807 808
1840 808 775
1841 776 775
1841 775 808
1841 808 809
1841 809 776
1842 777 776
1842 776 809
1842 809 810
1842 810 777
1843 778 777
1843 777 810
1843 810 811
1843 811 778
1844 779 778
1844 778 811
1844 811 812
1844 812 779
1845 780 779
1845 779 812
1845 812 813
1845 813 780
1846 781 780
1846 780 813
1846 813 814
1846 814 781
1847 782 781
1847 781 814
1847 814 815
1847 815 782
1848 783 782
1848 782 815
1848 815 816
1848 816 783
1849 784 783
1849 783 816
1849 816 817
1849 817 784
1850 785 784
1850 784 817
1850 817 818
1850 818 785
1851 786 785
1851 785 818
1851 818 819
1851 819 786
1852 787 786
1852 786 819
1852 819 820
1852 820 787
1853 788 787
1853 787 820
1853 820 821
1853 821 788
1854 789 788
1854 788 821
1854 821 822
1854 822 789
1855 790 789
1855 789 822
1855 822 823
1855 823 790
1856 791 790
1856 790 823
1856 823 824
1856 824 791
1857 792 791
1857 791 824
1857 824 825
1857 825 792
1858 794 793
1858 793 826
1858 826 827
1858 827 794
1859 795 794
1859 794 827
1859 827 828
1859 828 795
1860 796 795
1860 795 828
1860 828 829
1860 829 796
1861 797 796
1861 796 829
1861 829 830
1861 830 797
1862 798 797
1862 797 830
1862 830 831
1862 831 798
1863 799 798
1863 798 831
1863 831 832
1863 832 799
1864 800 799
1864 799 832
1864 832 833
1864 833 800
1865 801 800
1865 800 833
1865 833 834
1865 834 801
1866 802 801
1866 801 834
1866 834 835
1866 835 802
1867 803 802
1867 802 835
1867 835 836
1867 836 803
1868 804 803
1868 803 836
1868 836 837
1868 837 804
1869 805 804
1869 804 837
1869 837 838
1869 838 805
1870 806 805
1870 805 838
1870 838 839
1870 839 806
1871 807 806
1871 806 839
1871 839 840
1871 840 807
1872 808 807
1872 807 840
1872 840 841
1872 841 808
1873 809 808
1873 808 841
1873 841 842
1873 842 809
1874 810 809
1874 809 842
1874 842 843
1874 843 810
1875 811 810
1875 810 843
1875 843 844
1875 844 811
1876 812 811
1876 811 844
1876 844 845
1876 845 812
1877 813 812
1877 812 845
1877 845 846
1877 846 813
1878 814 813
1878 813 846
1878 846 847
1878 847 814
1879 815 814
1879 814 847
1879 847 848
1879 848 815
1880 816 815
1880 815 848
1880 848 849
1880 849 816
1881 817 816
1881 816 849
1881 849 850
1881 850 817
1882 818 817
1882 817 850
1882 850 851
1882 851 818
1883 819 818
1883 818 851
1883 851 852
1883 852 819
1884 820 819
1884 819 852
1884 852 853
1884 853 820
1885 821 820
1885 820 853
1885 853 854
1885 854 821
1886 822 821
1886 821 854
1886 854 855
1886 855 822
1887 823 822
1887 822 855
1887 855 856
1887 856 823
1888 824 823
1888 823 856
1888 856 857
1888 857 824
1889 825 824
1889 824 857
1889 857 858
1889 858 825
1890 827 826
1890 826 859
1890 859 860
1890 860 827
1891 828 827
1891 827 860
1891 860 861
1891 861 828
1892 829 828
1892 828 861
1892 861 862
1892 862 829
1893 830 829
1893 829 862
1893 862 863
1893 863 830
1894 831 830
1894 830 863
1894 863 864
1894 864 831
1895 832 831
1895 831 864
1895 864 865
1895 865 832
1896 833 832
1896 832 865
1896 865 866
1896 866 833
1897 834 833
1897 833 866
1897 866 867
1897 867 834
1898 835 834
1898 834 867
1898 867 868
1898 868 835
1899 836 835
1899 835 868
1899 868 869
1899 869 836
1900 837 836
1900 836 869
1900 869 870
1900 870 837
1901 838 837
1901 837 870
1901 870 871
1901 871 838
1902 839 838
1902 838 871
1902 871 872
1902 872 839
1903 840 839
1903 839 872
1903 872 873
1903 873 840
1904 841 840
1904 840 873
1904 873 874
1904 874 841
1905 842 841
1905 841 874
1905 874 875
1905 875 842
1906 843 842
1906 842 875
1906 875 876
1906 876 843
1907 844 843
1907 843 876
1907 876 877
1907 877 844
1908 845 844
1908 844 877
1908 877 878
1908 878 845
1909 846 845
1909 845 878
1909 878 879
1909 879 846
1910 847 846
1910 846 879
1910 879 880
1910 880 847
1911 848 847
1911 847 880
1911 880 881
1911 881 848
1912 849 848
1912 848 881
1912 881 882
1912 882 849
1913 850 849
1913 849 882
1913 882 883
1913 883 850
1914 851 850
1914 850 883
1914 883 884
1914 884 851
1915 852 851
1915 851 884
1915 884 885
1915 885 852
1916 853 852
1916 852 885
1916 885 886
1916 886 853
1917 854 853
1917 853 886
1917 886 887
1917 887 854
1918 855 854
1918 854 887
1918 887 888
1918 888 855
1919 856 855
1919 855 888
1919 888 889
1919 889 856
1920 857 856
1920 856 889
1920 889 890
1920 890 857
1921 858 857
1921 857 890
1921 890 891
1921 891 858
1922 860 859
1922 859 892
1922 892 893
1922 893 860
1923 861 860
1923 860 893
1923 893 894
1923 894 861
1924 862 861
1924 861 894
1924 894 895
1924 895 862
1925 863 862
1925 862 895
1925 895 896
1925 896 863
1926 864 863
1926 863 896
1926 896 897
1926 897 864
1927 865 864
1927 864 897
1927 897 898
1927 898 865
1928 866 865
1928 865 898
1928 898 899
1928 899 866
1929 867 866
1929 866 899
1929 899 900
1929 900 867
1930 868 867
1930 867 900
1930 900 901
1930 901 868
1931 869 868
1931 868 901
1931 901 902
1931 902 869
1932 870 869
1932 869 902
1932 902 903
1932 903 870
1933 871 870
1933 870 903
1933 903 904
1933 904 871
1934 872 871
1934 871 904
1934 904 905
1934 905 872
1935 873 872
1935 872 905
1935 905 906
1935 906 873
1936 874 873
1936 873 906
1936 906 907
1936 907 874
1937 875 874
1937 874 907
1937 907 908
1937 908 875
1938 876 875
1938 875 908
1938 908 909
1938 909 876
1939 877 876
1939 876 909
1939 909 910
1939 910 877
1940 878 877
1940 877 910
1940 910 911
1940 911 878
1941 879 878
1941 878 911
1941 911 912
1941 912 879
1942 880 879
1942 879 912
1942 912 913
1942 913 880
1943 881 880
1943 880 913
1943 913 914
1943 914 881
1944 882 881
1944 881 914
1944 914 915
1944 915 882
1945 883 882
1945 882 915
1945 915 916
1945 916 883
1946 884 883
1946 883 916
1946 916 917
1946 917 884
1947 885 884
1947 884 917
1947 917 918
1947 918 885
1948 886 885
1948 885 918
1948 918 919
1948 919 886
1949 887 886
1949 886 919
1949 919 920
1949 920 887
1950 888 887
1950 887 920
1950 920 921
1950 921 888
1951 889 888
1951 888 921
1951 921 922
1951 922 889
1952 890 889
1952 889 922
1952 922 923
1952 923 890
1953 891 890
1953 890 923
1953 923 924
1953 924 891
1954 893 892
1954 892 925
1954 925 926
1954 926 893
1955 894 893
1955 893 926
1955 926 927
1955 927 894
1956 895 894
1956 894 927
1956 927 928
1956 928 895
1957 896 895
1957 895 928
1957 928 929
1957 929 896
1958 897 896
1958 896 929
1958 929 930
1958 930 897
1959 898 897
1959 897 930
1959 930 931
1959 931 898
1960 899 898
1960 898 931
1960 931 932
1960 932 899
1961 900 899
1961 899 932
1961 932 933
1961 933 900
1962 901 900
1962 900 933
1962 933 934
1962 934 901
1963 902 901
1963 901 934
1963 934 935
1963 935 902
1964 903 902
1964 902 935
1964 935 936
1964 936 903
1965 904 903
1965 903 936
1965 936 937
1965 937 904
1966 905 904
1966 904 937
1966 937 938
1966 938 905
1967 906 905
1967 905 938
1967 938 939
1967 939 906
1968 907 906
1968 906 939
1968 939 940
1968 940 907
1969 908 907
1969 907 940
1969 940 941
1969 941 908
1970 909 908
1970 908 941
1970 941 942
1970 942 909
1971 910 909
1971 909 942
1971 942 943
1971 943 910
1972 911 910
1972 910 943
1972 943 944
1972 944 911
1973 912 911
1973 911 944
1973 944 945
1973 945 912
1974 913 912
1974 912 945
1974 945 946
1974 946 913
1975 914 913
1975 913 946
1975 946 947
1975 947 914
1976 915 914
1976 914 947
1976 947 948
1976 948 915
1977 916 915
1977 915 948
1977 948 949
1977 949 916
1978 917 916
1978 916 949
1978 949 950
1978 950 917
1979 918 917
1979 917 950
1979 950 951
1979 951 918
1980 919 918
1980 918 951
1980 951 952
1980 952 919
1981 920 919
1981 919 952
1981 952 953
1981 953 920
1982 921 920
1982 920 953
1982 953 954
1982 954 921
1983 922 921
1983 921 954
1983 954 955
1983 955 922
1984 923 922
1984 922 955
1984 955 956
1984 956 923
1985 924 923
1985 923 956
1985 956 957
1985 957 924
1986 926 925
1986 925 958
1986 958 959
1986 959 926
1987 927 926
1987 926 959
1987 959 960
1987 960 927
1988 928 927
1988 927 960
1988 960 961
1988 961 928
1989 929 928
1989 928 961
1989 961 962
1989 962 929
1990 930 929
1990 929 962
1990 962 963
1990 963 930
1991 931 930
1991 930 963
1991 963 964
1991 964 931
1992 932 931
1992 931 964
1992 964 965
1992 965 932
1993 933 932
1993 932 965
1993 965 966
1993 966 933
1994 934 933
1994 933 966
1994 966 967
1994 967 934
1995 935 934
1995 934 967
1995 967 968
1995 968 935
1996 936 935
1996 935 968
1996 968 969
1996 969 936
1997 937 936
1997 936 969
1997 969 970
1997 970 937
1998 938 937
1998 937 970
1998 970 971
1998 971 938
1999 939 938
1999 938 971
1999 971 972
1999 972 939
2000 940 939
2000 939 972
2000 972 973
2000 973 940
2001 941 940
2001 940 973
2001 973 974
2001 974 941
2002 942 941
2002 941 974
2002 974 975
2002 975 942
2003 943 942
2003 942 975
2003 975 976
2003 976 943
2004 944 943
2004 943 976
2004 976 977
2004 977 944
2005 945 944
2005 944 977
2005 977 978
2005 978 945
2006 946 945
2006 945 978
2006 978 979
2006 979 946
2007 947 946
2007 946 979
2007 979 980
2007 980 947
2008 948 947
2008 947 980
2008 980 981
2008 981 948
2009 949 948
2009 948 981
2009 981 982
2009 982 949
2010 950 949
2010 949 982
2010 982 983
2010 983 950
2011 951 950
2011 950 983
2011 983 984
2011 984 951
2012 952 951
2012 951 984
2012 984 985
2012 985 952
2013 953 952
2013 952 985
2013 985 986
2013 986 953
2014 954 953
2014 953 986
2014 986 987
2014 987 954
2015 955 954
2015 954 987
2015 987 988
2015 988 955
2016 956 955
2016 955 988
2016 988 989
2016 989 956
2017 957 956
2017 956 989
2017 989 990
2017 990 957
2018 959 958
2018 958 991
2018 991 992
2018 992 959
2019 960 959
2019 959 992
2019 992 993
2019 993 960
2020 961 960
2020 960 993
2020 993 994
2020 994 961
2021 962 961
2021 961 994
2021 994 995
2021 995 962
2022 963 962
2022 962 995
2022 995 996
2022 996 963
2023 964 963
2023 963 996
2023 996 997
2023 997 964
2024 965 964
2024 964 997
2024 997 998
2024 998 965
2025 966 965
2025 965 998
2025 998 999
2025 999 966
2026 967 966
2026 966 999
2026 999 1000
2026 1000 967
2027 968 967
2027 967 1000
2027 1000 1001
2027 1001 968
2028 969 968
2028 968 1001
2028 1001 1002
2028 1002 969
2029 970 969
2029 969 1002
2029 1002 1003
2029 1003 970
2030 971 970
2030 970 1003
2030 1003 1004
2030 1004 971
2031 972 971
2031 971 1004
2031 1004 1005
2031 1005 972
2032 973 972
2032 972 1005
2032 1005 1006
2032 1006 973
2033 974 973
2033 973 1006
2033 1006 1007
2033 1007 974
2034 975 974
2034 974 1007
2034 1007 1008
2034 1008 975
2035 976 975
2035 975 1008
2035 1008 1009
2035 1009 976
2036 977 976
2036 976 1009
2036 1009 1010
2036 1010 977
2037 978 977
2037 977 1010
2037 1010 1011
2037 1011 978
2038 979 978
2038 978 1011
2038 1011 1012
2038 1012 979
2039 980 979
2039 979 1012
2039 1012 1013
2039 1013 980
2040 981 980
2040 980 1013
2040 1013 1014
2040 1014 981
2041 982 981
2041 981 1014
2041 1014 1015
2041 1015 982
2042 983 982
2042 982 1015
2042 1015 1016
2042 1016 983
2043 984 983
2043 983 1016
2043 1016 1017
2043 1017 984
2044 985 984
2044 984 1017
2044 1017 1018
2044 1018 985
2045 986 985
2045 985 1018
2045 1018 1019
2045 1019 986
2046 987 986
2046 986 1019
2046 1019 1020
2046 1020 987
2047 988 987
2047 987 1020
2047 1020 1021
2047 1021 988
2048 989 988
2048 988 1021
2048 1021 1022
2048 1022 989
2049 990 989
2049 989 1022
2049 1022 1023
2049 1023 990
2050 992 991
2050 991 1024
2050 1024 1025
2050 1025 992
2051 993 992
2051 992 1025
2051 1025 1026
2051 1026 993
2052 994 993
2052 993 1026
2052 1026 1027
2052 1027 994
2053 995 994
2053 994 1027
2053 1027 1028
2053 1028 995
2054 996 995
2054 995 1028
2054 1028 1029
2054 1029 996
2055 997 996
2055 996 1029
2055 1029 1030
2055 1030 997
2056 998 997
2056 997 1030
2056 1030 1031
2056 1031 998
2057 999 998
2057 998 1031
2057 1031 1032
2057 1032 999
2058 1000 999
2058 999 1032
2058 1032 1033
2058 1033 1000
2059 1001 1000
2059 1000 1033
2059 1033 1034
2059 1034 1001
2060 1002 1001
2060 1001 1034
2060 1034 1035
2060 1035 1002
2061 1003 1002
2061 1002 1035
2061 1035 1036
2061 1036 1003
2062 1004 1003
2062 1003 1036
2062 1036 1037
2062 1037 1004
2063 1005 1004
2063 1004 1037
2063 1037 1038
2063 1038 1005
2064 1006 1005
2064 1005 1038
2064 1038 1039
2064 1039 1006
2065 1007 1006
2065 1006 1039
2065 1039 1040
2065 1040 1007
2066 1008 1007
2066 1007 1040
2066 1040 1041
2066 1041 1008
2067 1009 1008
2067 1008 1041
2067 1041 1042
2067 1042 1009
2068 1010 1009
2068 1009 1042
2068 1042 1043
2068 1043 1010
2069 1011 1010
2069 1010 1043
2069 1043 1044
2069 1044 1011
2070 1012 1011
2070 1011 1044
2070 1044 1045
2070 1045 1012
2071 1013 1012
2071 1012 1045
2071 1045 1046
2071 1046 1013
2072 1014 1013
2072 1013 1046
2072 1046 1047
2072 1047 1014
2073 1015 1014
2073 1014 1047
2073 1047 1048
2073 1048 1015
2074 1016 1015
2074 1015 1048
2074 1048 1049
2074 1049 1016
2075 1017 1016
2075 1016 1049
2075 1049 1050
2075 1050 1017
2076 1018 1017
2076 1017 1050
2076 1050 1051
2076 1051 1018
2077 1019 1018
2077 1018 1051
2077 1051 1052
2077 1052 1019
2078 1020 1019
2078 1019 1052
2078 1052 1053
2078 1053 1020
2079 1021 1020
2079 1020 1053
2079 1053 1054
2079 1054 1021
2080 1022 1021
2080 1021 1054
2080 1054 1055
2080 1055 1022
2081 1023 1022
2081 1022 1055
2081 1055 1056
2081 1056 1023
2082 1025 1024
2082 1024 1057
2082 1057 1058
2082 1058 1025
2083 1026 1025
2083 1025 1058
2083 1058 1059
2083 1059 1026
2084 1027 1026
2084 1026 1059
2084 1059 1060
2084 1060 1027
2085 1028 1027
2085 1027 1060
2085 1060 1061
2085 1061 1028
2086 1029 1028
2086 1028 1061
2086 1061 1062
2086 1062 1029
2087 1030 1029
2087 1029 1062
2087 1062 1063
2087 1063 1030
2088 1031 1030
2088 1030 1063
2088 1063 1064
2088 1064 1031
2089 1032 1031
2089 1031 1064
2089 1064 1065
2089 1065 1032
2090 1033 1032
2090 1032 1065
2090 1065 1066
2090 1066 1033
2091 1034 1033
2091 1033 1066
2091 1066 1067
2091 1067 1034
2092 1035 1034
2092 1034 1067
2092 1067 1068
2092 1068 1035
2093 1036 1035
2093 1035 1068
2093 1068 1069
2093 1069 1036
2094 1037 1036
2094 1036 1069
2094 1069 1070
2094 1070 1037
2095 1038 1037
2095 1037 1070
2095 1070 1071
2095 1071 1038
2096 1039 1038
2096 1038 1071
2096 1071 1072
2096 1072 1039
2097 1040 1039
2097 1039 1072
2097 1072 1073
2097 1073 1040
2098 1041 1040
2098 1040 1073
2098 1073 1074
2098 1074 1041
2099 1042 1041
2099 1041 1074
2099 1074 1075
2099 1075 1042
2100 1043 1042
2100 1042 1075
2100 1075 1076
2100 1076 1043
2101 1044 1043
2101 1043 1076
2101 1076 1077
2101 1077 1044
2102 1045 1044
2102 1044 1077
2102 1077 1078
2102 1078 1045
2103 1046 1045
2103 1045 1078
2103 1078 1079
2103 1079 1046
2104 1047 1046
2104 1046 1079
2104 1079 1080
2104 1080 1047
2105 1048 1047
2105 1047 1080
2105 1080 1081
2105 1081 1048
2106 1049 1048
2106 1048 1081
2106 1081 1082
2106 1082 1049
2107 1050 1049
2107 1049 1082
2107 1082 1083
2107 1083 1050
2108 1051 1050
2108 1050 1083
2108 1083 1084
2108 1084 1051
2109 1052 1051
2109 1051 1084
2109 1084 1085
2109 1085 1052
2110 1053 1052
2110 1052 1085
2110 1085 1086
2110 1086 1053
2111 1054 1053
2111 1053 1086
2111 1086 1087
2111 1087 1054
2112 1055 1054
2112 1054 1087
2112 1087 1088
2112 1088 1055
2113 1056 1055
2113 1055 1088
2113 1088 1089
2113 1089 1056
