41
0 0
0 0.25
0 0.5
0 0.75
0 1
0.25 0
0.25 0.25
0.25 0.5
0.25 0.75
0.25 1
0.5 0
0.5 0.25
0.5 0.5
0.5 0.75
0.5 1
0.75 0
0.75 0.25
0.75 0.5
0.75 0.75
0.75 1
1 0
1 0.25
1 0.5
1 0.75
1 1
0.125 0.125
0.125 0.375
0.125 0.625
0.125 0.875
0.375 0.125
0.375 0.375
0.375 0.625
0.375 0.875
0.625 0.125
0.625 0.375
0.625 0.625
0.625 0.875
0.875 0.125
0.875 0.375
0.875 0.625
0.875 0.875
64
26 2 1
26 1 6
26 6 7
26 7 2
27 3 2
27 2 7
27 7 8
27 8 3
28 4 3
28 3 8
28 8 9
28 9 4
29 5 4
29 4 9
29 9 10
29 10 5
30 7 6
30 6 11
30 11 12
30 12 7
31 8 7
31 7 12
31 12 13
31 13 8
32 9 8
32 8 13
32 13 14
32 14 9
33 10 9
33 9 14
33 14 15
33 15 10
34 12 11
34 11 16
34 16 17
34 17 12
35 13 12
35 12 17
35 17 18
35 18 13
36 14 13
36 13 18
36 18 19
36 19 14
37 15 14
37 14 19
37 19 20
37 20 15
38 17 16
38 16 21
38 21 22
38 22 17
39 18 17
39 17 22
39 22 23
39 23 18
40 19 18
40 18 23
40 23 24
40 24 19
41 20 19
41 19 24
41 24 25
41 25 20
