545
0 0
0 0.0625
0 0.125
0 0.1875
0 0.25
0 0.3125
0 0.375
0 0.4375
0 0.5
0 0.5625
0 0.625
0 0.6875
0 0.75
0 0.8125
0 0.875
0 0.9375
0 1
0.0625 0
0.0625 0.0625
0.0625 0.125
0.0625 0.1875
0.0625 0.25
0.0625 0.3125
0.0625 0.375
0.0625 0.4375
0.0625 0.5
0.0625 0.5625
0.0625 0.625
0.0625 0.6875
0.0625 0.75
0.0625 0.8125
0.0625 0.875
0.0625 0.9375
0.0625 1
0.125 0
0.125 0.0625
0.125 0.125
0.125 0.1875
0.125 0.25
0.125 0.3125
0.125 0.375
0.125 0.4375
0.125 0.5
0.125 0.5625
0.125 0.625
0.125 0.6875
0.125 0.75
0.125 0.8125
0.125 0.875
0.125 0.9375
0.125 1
0.1875 0
0.1875 0.0625
0.1875 0.125
0.1875 0.1875
0.1875 0.25
0.1875 0.3125
0.1875 0.375
0.1875 0.4375
0.1875 0.5
0.1875 0.5625
0.1875 0.625
0.1875 0.6875
0.1875 0.75
0.1875 0.8125
0.1875 0.875
0.1875 0.9375
0.1875 1
0.25 0
0.25 0.0625
0.25 0.125
0.25 0.1875
0.25 0.25
0.25 0.3125
0.25 0.375
0.25 0.4375
0.25 0.5
0.25 0.5625
0.25 0.625
0.25 0.6875
0.25 0.75
0.25 0.8125
0.25 0.875
0.25 0.9375
0.25 1
0.3125 0
0.3125 0.0625
0.3125 0.125
0.3125 0.1875
0.3125 0.25
0.3125 0.3125
0.3125 0.375
0.3125 0.4375
0.3125 0.5
0.3125 0.5625
0.3125 0.625
0.3125 0.6875
0.3125 0.75
0.3125 0.8125
0.3125 0.875
0.3125 0.9375
0.3125 1
0.375 0
0.375 0.0625
0.375 0.125
0.375 0.1875
0.375 0.25
0.375 0.3125
0.375 0.375
0.375 0.4375
0.375 0.5
0.375 0.5625
0.375 0.625
0.375 0.6875
0.375 0.75
0.375 0.8125
0.375 0.875
0.375 0.9375
0.375 1
0.4375 0
0.4375 0.0625
0.4375 0.125
0.4375 0.1875
0.4375 0.25
0.4375 0.3125
0.4375 0.375
0.4375 0.4375
0.4375 0.5
0.4375 0.5625
0.4375 0.625
0.4375 0.6875
0.4375 0.75
0.4375 0.8125
0.4375 0.875
0.4375 0.9375
0.4375 1
0.5 0
0.5 0.0625
0.5 0.125
0.5 0.1875
0.5 0.25
0.5 0.3125
0.5 0.375
0.5 0.4375
0.5 0.5
0.5 0.5625
0.5 0.625
0.5 0.6875
0.5 0.75
0.5 0.8125
0.5 0.875
0.5 0.9375
0.5 1
0.5625 0
0.5625 0.0625
0.5625 0.125
0.5625 0.1875
0.5625 0.25
0.5625 0.3125
0.5625 0.375
0.5625 0.4375
0.5625 0.5
0.5625 0.5625
0.5625 0.625
0.5625 0.6875
0.5625 0.75
0.5625 0.8125
0.5625 0.875
0.5625 0.9375
0.5625 1
0.625 0
0.625 0.0625
0.625 0.125
0.625 0.1875
0.625 0.25
0.625 0.3125
0.625 0.375
0.625 0.4375
0.625 0.5
0.625 0.5625
0.625 0.625
0.625 0.6875
0.625 0.75
0.625 0.8125
0.625 0.875
0.625 0.9375
0.625 1
0.6875 0
0.6875 0.0625
0.6875 0.125
0.6875 0.1875
0.6875 0.25
0.6875 0.3125
0.6875 0.375
0.6875 0.4375
0.6875 0.5
0.6875 0.5625
0.6875 0.625
0.6875 0.6875
0.6875 0.75
0.6875 0.8125
0.6875 0.875
0.6875 0.9375
0.6875 1
0.75 0
0.75 0.0625
0.75 0.125
0.75 0.1875
0.75 0.25
0.75 0.3125
0.75 0.375
0.75 0.4375
0.75 0.5
0.75 0.5625
0.75 0.625
0.75 0.6875
0.75 0.75
0.75 0.8125
0.75 0.875
0.75 0.9375
0.75 1
0.8125 0
0.8125 0.0625
0.8125 0.125
0.8125 0.1875
0.8125 0.25
0.8125 0.3125
0.8125 0.375
0.8125 0.4375
0.8125 0.5
0.8125 0.5625
0.8125 0.625
0.8125 0.6875
0.8125 0.75
0.8125 0.8125
0.8125 0.875
0.8125 0.9375
0.8125 1
0.875 0
0.875 0.0625
0.875 0.125
0.875 0.1875
0.875 0.25
0.875 0.3125
0.875 0.375
0.875 0.4375
0.875 0.5
0.875 0.5625
0.875 0.625
0.875 0.6875
0.875 0.75
0.875 0.8125
0.875 0.875
0.875 0.9375
0.875 1
0.9375 0
0.9375 0.0625
0.9375 0.125
0.9375 0.1875
0.9375 0.25
0.9375 0.3125
0.9375 0.375
0.9375 0.4375
0.9375 0.5
0.9375 0.5625
0.9375 0.625
0.9375 0.6875
0.9375 0.75
0.9375 0.8125
0.9375 0.875
0.9375 0.9375
0.9375 1
1 0
1 0.0625
1 0.125
1 0.1875
1 0.25
1 0.3125
1 0.375
1 0.4375
1 0.5
1 0.5625
1 0.625
1 0.6875
1 0.75
1 0.8125
1 0.875
1 0.9375
1 1
0.03125 0.03125
0.03125 0.09375
0.03125 0.15625
0.03125 0.21875
0.03125 0.28125
0.03125 0.34375
0.03125 0.40625
0.03125 0.46875
0.03125 0.53125
0.03125 0.59375
0.03125 0.65625
0.03125 0.71875
0.03125 0.78125
0.03125 0.84375
0.03125 0.90625
0.03125 0.96875
0.09375 0.03125
0.09375 0.09375
0.09375 0.15625
0.09375 0.21875
0.09375 0.28125
0.09375 0.34375
0.09375 0.40625
0.09375 0.46875
0.09375 0.53125
0.09375 0.59375
0.09375 0.65625
0.09375 0.71875
0.09375 0.78125
0.09375 0.84375
0.09375 0.90625
0.09375 0.96875
0.15625 0.03125
0.15625 0.09375
0.15625 0.15625
0.15625 0.21875
0.15625 0.28125
0.15625 0.34375
0.15625 0.40625
0.15625 0.46875
0.15625 0.53125
0.15625 0.59375
0.15625 0.65625
0.15625 0.71875
0.15625 0.78125
0.15625 0.84375
0.15625 0.90625
0.15625 0.96875
0.21875 0.03125
0.21875 0.09375
0.21875 0.15625
0.21875 0.21875
0.21875 0.28125
0.21875 0.34375
0.21875 0.40625
0.21875 0.46875
0.21875 0.53125
0.21875 0.59375
0.21875 0.65625
0.21875 0.71875
0.21875 0.78125
0.21875 0.84375
0.21875 0.90625
0.21875 0.96875
0.28125 0.03125
0.28125 0.09375
0.28125 0.15625
0.28125 0.21875
0.28125 0.28125
0.28125 0.34375
0.28125 0.40625
0.28125 0.46875
0.28125 0.53125
0.28125 0.59375
0.28125 0.65625
0.28125 0.71875
0.28125 0.78125
0.28125 0.84375
0.28125 0.90625
0.28125 0.96875
0.34375 0.03125
0.34375 0.09375
0.34375 0.15625
0.34375 0.21875
0.34375 0.28125
0.34375 0.34375
0.34375 0.40625
0.34375 0.46875
0.34375 0.53125
0.34375 0.59375
0.34375 0.65625
0.34375 0.71875
0.34375 0.78125
0.34375 0.84375
0.34375 0.90625
0.34375 0.96875
0.40625 0.03125
0.40625 0.09375
0.40625 0.15625
0.40625 0.21875
0.40625 0.28125
0.40625 0.34375
0.40625 0.40625
0.40625 0.46875
0.40625 0.53125
0.40625 0.59375
0.40625 0.65625
0.40625 0.71875
0.40625 0.78125
0.40625 0.84375
0.40625 0.90625
0.40625 0.96875
0.46875 0.03125
0.46875 0.09375
0.46875 0.15625
0.46875 0.21875
0.46875 0.28125
0.46875 0.34375
0.46875 0.40625
0.46875 0.46875
0.46875 0.53125
0.46875 0.59375
0.46875 0.65625
0.46875 0.71875
0.46875 0.78125
0.46875 0.84375
0.46875 0.90625
0.46875 0.96875
0.53125 0.03125
0.53125 0.09375
0.53125 0.15625
0.53125 0.21875
0.53125 0.28125
0.53125 0.34375
0.53125 0.40625
0.53125 0.46875
0.53125 0.53125
0.53125 0.59375
0.53125 0.65625
0.53125 0.71875
0.53125 0.78125
0.53125 0.84375
0.53125 0.90625
0.53125 0.96875
0.59375 0.03125
0.59375 0.09375
0.59375 0.15625
0.59375 0.21875
0.59375 0.28125
0.59375 0.34375
0.59375 0.40625
0.59375 0.46875
0.59375 0.53125
0.59375 0.59375
0.59375 0.65625
0.59375 0.71875
0.59375 0.78125
0.59375 0.84375
0.59375 0.90625
0.59375 0.96875
0.65625 0.03125
0.65625 0.09375
0.65625 0.15625
0.65625 0.21875
0.65625 0.28125
0.65625 0.34375
0.65625 0.40625
0.65625 0.46875
0.65625 0.53125
0.65625 0.59375
0.65625 0.65625
0.65625 0.71875
0.65625 0.78125
0.65625 0.84375
0.65625 0.90625
0.65625 0.96875
0.71875 0.03125
0.71875 0.09375
0.71875 0.15625
0.71875 0.21875
0.71875 0.28125
0.71875 0.34375
0.71875 0.40625
0.71875 0.46875
0.71875 0.53125
0.71875 0.59375
0.71875 0.65625
0.71875 0.71875
0.71875 0.78125
0.71875 0.84375
0.71875 0.90625
0.71875 0.96875
0.78125 0.03125
0.78125 0.09375
0.78125 0.15625
0.78125 0.21875
0.78125 0.28125
0.78125 0.34375
0.78125 0.40625
0.78125 0.46875
0.78125 0.53125
0.78125 0.59375
0.78125 0.65625
0.78125 0.71875
0.78125 0.78125
0.78125 0.84375
0.78125 0.90625
0.78125 0.96875
0.84375 0.03125
0.84375 0.09375
0.84375 0.15625
0.84375 0.21875
0.84375 0.28125
0.84375 0.34375
0.84375 0.40625
0.84375 0.46875
0.84375 0.53125
0.84375 0.59375
0.84375 0.65625
0.84375 0.71875
0.84375 0.78125
0.84375 0.84375
0.84375 0.90625
0.84375 0.96875
0.90625 0.03125
0.90625 0.09375
0.90625 0.15625
0.90625 0.21875
0.90625 0.28125
0.90625 0.34375
0.90625 0.40625
0.90625 0.46875
0.90625 0.53125
0.90625 0.59375
0.90625 0.65625
0.90625 0.71875
0.90625 0.78125
0.90625 0.84375
0.90625 0.90625
0.90625 0.96875
0.96875 0.03125
0.96875 0.09375
0.96875 0.15625
0.96875 0.21875
0.96875 0.28125
0.96875 0.34375
0.96875 0.40625
0.96875 0.46875
0.96875 0.53125
0.96875 0.59375
0.96875 0.65625
0.96875 0.71875
0.96875 0.78125
0.96875 0.84375
0.96875 0.90625
0.96875 0.96875
1024
290 2 1
290 1 18
290 18 19
290 19 2
291 3 2
291 2 19
291 19 20
291 20 3
292 4 3
292 3 20
292 20 21
292 21 4
293 5 4
293 4 21
293 21 22
293 22 5
294 6 5
294 5 22
294 22 23
294 23 6
295 7 6
295 6 23
295 23 24
295 24 7
296 8 7
296 7 24
296 24 25
296 25 8
297 9 8
297 8 25
297 25 26
297 26 9
298 10 9
298 9 26
298 26 27
298 27 10
299 11 10
299 10 27
299 27 28
299 28 11
300 12 11
300 11 28
300 28 29
300 29 12
301 13 12
301 12 29
301 29 30
301 30 13
302 14 13
302 13 30
302 30 31
302 31 14
303 15 14
303 14 31
303 31 32
303 32 15
304 16 15
304 15 32
304 32 33
304 33 16
305 17 16
305 16 33
305 33 34
305 34 17
306 19 18
306 18 35
306 35 36
306 36 19
307 20 19
307 19 36
307 36 37
307 37 20
308 21 20
308 20 37
308 37 38
308 38 21
309 22 21
309 21 38
309 38 39
309 39 22
310 23 22
310 22 39
310 39 40
310 40 23
311 24 23
311 23 40
311 40 41
311 41 24
312 25 24
312 24 41
312 41 42
312 42 25
313 26 25
313 25 42
313 42 43
313 43 26
314 27 26
314 26 43
314 43 44
314 44 27
315 28 27
315 27 44
315 44 45
315 45 28
316 29 28
316 28 45
316 45 46
316 46 29
317 30 29
317 29 46
317 46 47
317 47 30
318 31 30
318 30 47
318 47 48
318 48 31
319 32 31
319 31 48
319 48 49
319 49 32
320 33 32
320 32 49
320 49 50
320 50 33
321 34 33
321 33 50
321 50 51
321 51 34
322 36 35
322 35 52
322 52 53
322 53 36
323 37 36
323 36 53
323 53 54
323 54 37
324 38 37
324 37 54
324 54 55
324 55 38
325 39 38
325 38 55
325 55 56
325 56 39
326 40 39
326 39 56
326 56 57
326 57 40
327 41 40
327 40 57
327 57 58
327 58 41
328 42 41
328 41 58
328 58 59
328 59 42
329 43 42
329 42 59
329 59 60
329 60 43
330 44 43
330 43 60
330 60 61
330 61 44
331 45 44
331 44 61
331 61 62
331 62 45
332 46 45
332 45 62
332 62 63
332 63 46
333 47 46
333 46 63
333 63 64
333 64 47
334 48 47
334 47 64
334 64 65
334 65 48
335 49 48
335 48 65
335 65 66
335 66 49
336 50 49
336 49 66
336 66 67
336 67 50
337 51 50
337 50 67
337 67 68
337 68 51
338 53 52
338 52 69
338 69 70
338 70 53
339 54 53
339 53 70
339 70 71
339 71 54
340 55 54
340 54 71
340 71 72
340 72 55
341 56 55
341 55 72
341 72 73
341 73 56
342 57 56
342 56 73
342 73 74
342 74 57
343 58 57
343 57 74
343 74 75
343 75 58
344 59 58
344 58 75
344 75 76
344 76 59
345 60 59
345 59 76
345 76 77
345 77 60
346 61 60
346 60 77
346 77 78
346 78 61
347 62 61
347 61 78
347 78 79
347 79 62
348 63 62
348 62 79
348 79 80
348 80 63
349 64 63
349 63 80
349 80 81
349 81 64
350 65 64
350 64 81
350 81 82
350 82 65
351 66 65
351 65 82
351 82 83
351 83 66
352 67 66
352 66 83
352 83 84
352 84 67
353 68 67
353 67 84
353 84 85
353 85 68
354 70 69
354 69 86
354 86 87
354 87 70
355 71 70
355 70 87
355 87 88
355 88 71
356 72 71
356 71 88
356 88 89
356 89 72
357 73 72
357 72 89
357 89 90
357 90 73
358 74 73
358 73 90
358 90 91
358 91 74
359 75 74
359 74 91
359 91 92
359 92 75
360 76 75
360 75 92
360 92 93
360 93 76
361 77 76
361 76 93
361 93 94
361 94 77
362 78 77
362 77 94
362 94 95
362 95 78
363 79 78
363 78 95
363 95 96
363 96 79
364 80 79
364 79 96
364 96 97
364 97 80
365 81 80
365 80 97
365 97 98
365 98 81
366 82 81
366 81 98
366 98 99
366 99 82
367 83 82
367 82 99
367 99 100
367 100 83
368 84 83
368 83 100
368 100 101
368 101 84
369 85 84
369 84 101
369 101 102
369 102 85
370 87 86
370 86 103
370 103 104
370 104 87
371 88 87
371 87 104
371 104 105
371 105 88
372 89 88
372 88 105
372 105 106
372 106 89
373 90 89
373 89 106
373 106 107
373 107 90
374 91 90
374 90 107
374 107 108
374 108 91
375 92 91
375 91 108
375 108 109
375 109 92
376 93 92
376 92 109
376 109 110
376 110 93
377 94 93
377 93 110
377 110 111
377 111 94
378 95 94
378 94 111
378 111 112
378 112 95
379 96 95
379 95 112
379 112 113
379 113 96
380 97 96
380 96 113
380 113 114
380 114 97
381 98 97
381 97 114
381 114 115
381 115 98
382 99 98
382 98 115
382 115 116
382 116 99
383 100 99
383 99 116
383 116 117
383 117 100
384 101 100
384 100 117
384 117 118
384 118 101
385 102 101
385 101 118
385 118 119
385 119 102
386 104 103
386 103 120
386 120 121
386 121 104
387 105 104
387 104 121
387 121 122
387 122 105
388 106 105
388 105 122
388 122 123
388 123 106
389 107 106
389 106 123
389 123 124
389 124 107
390 108 107
390 107 124
390 124 125
390 125 108
391 109 108
391 108 125
391 125 126
391 126 109
392 110 109
392 109 126
392 126 127
392 127 110
393 111 110
393 110 127
393 127 128
393 128 111
394 112 111
394 111 128
394 128 129
394 129 112
395 113 112
395 112 129
395 129 130
395 130 113
396 114 113
396 113 130
396 130 131
396 131 114
397 115 114
397 114 131
397 131 132
397 132 115
398 116 115
398 115 132
398 132 133
398 133 116
399 117 116
399 116 133
399 133 134
399 134 117
400 118 117
400 117 134
400 134 135
400 135 118
401 119 118
401 118 135
401 135 136
401 136 119
402 121 120
402 120 137
402 137 138
402 138 121
403 122 121
403 121 138
403 138 139
403 139 122
404 123 122
404 122 139
404 139 140
404 140 123
405 124 123
405 123 140
405 140 141
405 141 124
406 125 124
406 124 141
406 141 142
406 142 125
407 126 125
407 125 142
407 142 143
407 143 126
408 127 126
408 126 143
408 143 144
408 144 127
409 128 127
409 127 144
409 144 145
409 145 128
410 129 128
410 128 145
410 145 146
410 146 129
411 130 129
411 129 146
411 146 147
411 147 130
412 131 130
412 130 147
412 147 148
412 148 131
413 132 131
413 131 148
413 148 149
413 149 132
414 133 132
414 132 149
414 149 150
414 150 133
415 134 133
415 133 150
415 150 151
415 151 134
416 135 134
416 134 151
416 151 152
416 152 135
417 136 135
417 135 152
417 152 153
417 153 136
418 138 137
418 137 154
418 154 155
418 155 138
419 139 138
419 138 155
419 155 156
419 156 139
420 140 139
420 139 156
420 156 157
420 157 140
421 141 140
421 140 157
421 157 158
421 158 141
422 142 141
422 141 158
422 158 159
422 159 142
423 143 142
423 142 159
423 159 160
423 160 143
424 144 143
424 143 160
424 160 161
424 161 144
425 145 144
425 144 161
425 161 162
425 162 145
426 146 145
426 145 162
426 162 163
426 163 146
427 147 146
427 146 163
427 163 164
427 164 147
428 148 147
428 147 164
428 164 165
428 165 148
429 149 148
429 148 165
429 165 166
429 166 149
430 150 149
430 149 166
430 166 167
430 167 150
431 151 150
431 150 167
431 167 168
431 168 151
432 152 151
432 151 168
432 168 169
432 169 152
433 153 152
433 152 169
433 169 170
433 170 153
434 155 154
434 154 171
434 171 172
434 172 155
435 156 155
435 155 172
435 172 173
435 173 156
436 157 156
436 156 173
436 173 174
436 174 157
437 158 157
437 157 174
437 174 175
437 175 158
438 159 158
438 158 175
438 175 176
438 176 159
439 160 159
439 159 176
439 176 177
439 177 160
440 161 160
440 160 177
440 177 178
440 178 161
441 162 161
441 161 178
441 178 179
441 179 162
442 163 162
442 162 179
442 179 180
442 180 163
443 164 163
443 163 180
443 180 181
443 181 164
444 165 164
444 164 181
444 181 182
444 182 165
445 166 165
445 165 182
445 182 183
445 183 166
446 167 166
446 166 183
446 183 184
446 184 167
447 168 167
447 167 184
447 184 185
447 185 168
448 169 168
448 168 185
448 185 186
448 186 169
449 170 169
449 169 186
449 186 187
449 187 170
450 172 171
450 171 188
450 188 189
450 189 172
451 173 172
451 172 189
451 189 190
451 190 173
452 174 173
452 173 190
452 190 191
452 191 174
453 175 174
453 174 191
453 191 192
453 192 175
454 176 175
454 175 192
454 192 193
454 193 176
455 177 176
455 176 193
455 193 194
455 194 177
456 178 177
456 177 194
456 194 195
456 195 178
457 179 178
457 178 195
457 195 196
457 196 179
458 180 179
458 179 196
458 196 197
458 197 180
459 181 180
459 180 197
459 197 198
459 198 181
460 182 181
460 181 198
460 198 199
460 199 182
461 183 182
461 182 199
461 199 200
461 200 183
462 184 183
462 183 200
462 200 201
462 201 184
463 185 184
463 184 201
463 201 202
463 202 185
464 186 185
464 185 202
464 202 203
464 203 186
465 187 186
465 186 203
465 203 204
465 204 187
466 189 188
466 188 205
466 205 206
466 206 189
467 190 189
467 189 206
467 206 207
467 207 190
468 191 190
468 190 207
468 207 208
468 208 191
469 192 191
469 191 208
469 208 209
469 209 192
470 193 192
470 192 209
470 209 210
470 210 193
471 194 193
471 193 210
471 210 211
471 211 194
472 195 194
472 194 211
472 211 212
472 212 195
473 196 195
473 195 212
473 212 213
473 213 196
474 197 196
474 196 213
474 213 214
474 214 197
475 198 197
475 197 214
475 214 215
475 215 198
476 199 198
476 198 215
476 215 216
476 216 199
477 200 199
477 199 216
477 216 217
477 217 200
478 201 200
478 200 217
478 217 218
478 218 201
479 202 201
479 201 218
479 218 219
479 219 202
480 203 202
480 202 219
480 219 220
480 220 203
481 204 203
481 203 220
481 220 221
481 221 204
482 206 205
482 205 222
482 222 223
482 223 206
483 207 206
483 206 223
483 223 224
483 224 207
484 208 207
484 207 224
484 224 225
484 225 208
485 209 208
485 208 225
485 225 226
485 226 209
486 210 209
486 209 226
486 226 227
486 227 210
487 211 210
487 210 227
487 227 228
487 228 211
488 212 211
488 211 228
488 228 229
488 229 212
489 213 212
489 212 229
489 229 230
489 230 213
490 214 213
490 213 230
490 230 231
490 231 214
491 215 214
491 214 231
491 231 232
491 232 215
492 216 215
492 215 232
492 232 233
492 233 216
493 217 216
493 216 233
493 233 234
493 234 217
494 218 217
494 217 234
494 234 235
494 235 218
495 219 218
495 218 235
495 235 236
495 236 219
496 220 219
496 219 236
496 236 237
496 237 220
497 221 220
497 220 237
497 237 238
497 238 221
498 223 222
498 222 239
498 239 240
498 240 223
499 224 223
499 223 240
499 240 241
499 241 224
500 225 224
500 224 241
500 241 242
500 242 225
501 226 225
501 225 242
501 242 243
501 243 226
502 227 226
502 226 243
502 243 244
502 244 227
503 228 227
503 227 244
503 244 245
503 245 228
504 229 228
504 228 245
504 245 246
504 246 229
505 230 229
505 229 246
505 246 247
505 247 230
506 231 230
506 230 247
506 247 248
506 248 231
507 232 231
507 231 248
507 248 249
507 249 232
508 233 232
508 232 249
508 249 250
508 250 233
509 234 233
509 233 250
509 250 251
509 251 234
510 235 234
510 234 251
510 251 252
510 252 235
511 236 235
511 235 252
511 252 253
511 253 236
512 237 236
512 236 253
512 253 254
512 254 237
513 238 237
513 237 254
513 254 255
513 255 238
514 240 239
514 239 256
514 256 257
514 257 240
515 241 240
515 240 257
515 257 258
515 258 241
516 242 241
516 241 258
516 258 259
516 259 242
517 243 242
517 242 259
517 259 260
517 260 243
518 244 243
518 243 260
518 260 261
518 261 244
519 245 244
519 244 261
519 261 262
519 262 245
520 246 245
520 245 262
520 262 263
520 263 246
521 247 246
521 246 263
521 263 264
521 264 247
522 248 247
522 247 264
522 264 265
522 265 248
523 249 248
523 248 265
523 265 266
523 266 249
524 250 249
524 249 266
524 266 267
524 267 250
525 251 250
525 250 267
525 267 268
525 268 251
526 252 251
526 251 268
526 268 269
526 269 252
527 253 252
527 252 269
527 269 270
527 270 253
528 254 253
528 253 270
528 270 271
528 271 254
529 255 254
529 254 271
529 271 272
529 272 255
530 257 256
530 256 273
530 273 274
530 274 257
531 258 257
531 257 274
531 274 275
531 275 258
532 259 258
532 258 275
532 275 276
532 276 259
533 260 259
533 259 276
533 276 277
533 277 260
534 261 260
534 260 277
534 277 278
534 278 261
535 262 261
535 261 278
535 278 279
535 279 262
536 263 262
536 262 279
536 279 280
536 280 263
537 264 263
537 263 280
537 280 281
537 281 264
538 265 264
538 264 281
538 281 282
538 282 265
539 266 265
539 265 282
539 282 283
539 283 266
540 267 266
540 266 283
540 283 284
540 284 267
541 268 267
541 267 284
541 284 285
541 285 268
542 269 268
542 268 285
542 285 286
542 286 269
543 270 269
543 269 286
543 286 287
543 287 270
544 271 270
544 270 287
544 287 288
544 288 271
545 272 271
545 271 288
545 288 289
545 289 272
