61
0 0
0 0.2
0 0.4
0 0.6
0 0.8
0 1
0.2 0
0.2 0.2
0.2 0.4
0.2 0.6
0.2 0.8
0.2 1
0.4 0
0.4 0.2
0.4 0.4
0.4 0.6
0.4 0.8
0.4 1
0.6 0
0.6 0.2
0.6 0.4
0.6 0.6
0.6 0.8
0.6 1
0.8 0
0.8 0.2
0.8 0.4
0.8 0.6
0.8 0.8
0.8 1
1 0
1 0.2
1 0.4
1 0.6
1 0.8
1 1
0.1 0.1
0.1 0.3
0.1 0.5
0.1 0.7
0.1 0.9
0.3 0.1
0.3 0.3
0.3 0.5
0.3 0.7
0.3 0.9
0.5 0.1
0.5 0.3
0.5 0.5
0.5 0.7
0.5 0.9
0.7 0.1
0.7 0.3
0.7 0.5
0.7 0.7
0.7 0.9
0.9 0.1
0.9 0.3
0.9 0.5
0.9 0.7
0.9 0.9
100
37 2 1
37 1 7
37 7 8
37 8 2
38 3 2
38 2 8
38 8 9
38 9 3
39 4 3
39 3 9
39 9 10
39 10 4
40 5 4
40 4 10
40 10 11
40 11 5
41 6 5
41 5 11
41 11 12
41 12 6
42 8 7
42 7 13
42 13 14
42 14 8
43 9 8
43 8 14
43 14 15
43 15 9
44 10 9
44 9 15
44 15 16
44 16 10
45 11 10
45 10 16
45 16 17
45 17 11
46 12 11
46 11 17
46 17 18
46 18 12
47 14 13
47 13 19
47 19 20
47 20 14
48 15 14
48 14 20
48 20 21
48 21 15
49 16 15
49 15 21
49 21 22
49 22 16
50 17 16
50 16 22
50 22 23
50 23 17
51 18 17
51 17 23
51 23 24
51 24 18
52 20 19
52 19 25
52 25 26
52 26 20
53 21 20
53 20 26
53 26 27
53 27 21
54 22 21
54 21 27
54 27 28
54 28 22
55 23 22
55 22 28
55 28 29
55 29 23
56 24 23
56 23 29
56 29 30
56 30 24
57 26 25
57 25 31
57 31 32
57 32 26
58 27 26
58 26 32
58 32 33
58 33 27
59 28 27
59 27 33
59 33 34
59 34 28
60 29 28
60 28 34
60 34 35
60 35 29
61 30 29
61 29 35
61 35 36
61 36 30
