145
0 0
0 0.125
0 0.25
0 0.375
0 0.5
0 0.625
0 0.75
0 0.875
0 1
0.125 0
0.125 0.125
0.125 0.25
0.125 0.375
0.125 0.5
0.125 0.625
0.125 0.75
0.125 0.875
0.125 1
0.25 0
0.25 0.125
0.25 0.25
0.25 0.375
0.25 0.5
0.25 0.625
0.25 0.75
0.25 0.875
0.25 1
0.375 0
0.375 0.125
0.375 0.25
0.375 0.375
0.375 0.5
0.375 0.625
0.375 0.75
0.375 0.875
0.375 1
0.5 0
0.5 0.125
0.5 0.25
0.5 0.375
0.5 0.5
0.5 0.625
0.5 0.75
0.5 0.875
0.5 1
0.625 0
0.625 0.125
0.625 0.25
0.625 0.375
0.625 0.5
0.625 0.625
0.625 0.75
0.625 0.875
0.625 1
0.75 0
0.75 0.125
0.75 0.25
0.75 0.375
0.75 0.5
0.75 0.625
0.75 0.75
0.75 0.875
0.75 1
0.875 0
0.875 0.125
0.875 0.25
0.875 0.375
0.875 0.5
0.875 0.625
0.875 0.75
0.875 0.875
0.875 1
1 0
1 0.125
1 0.25
1 0.375
1 0.5
1 0.625
1 0.75
1 0.875
1 1
0.0625 0.0625
0.0625 0.1875
0.0625 0.3125
0.0625 0.4375
0.0625 0.5625
0.0625 0.6875
0.0625 0.8125
0.0625 0.9375
0.1875 0.0625
0.1875 0.1875
0.1875 0.3125
0.1875 0.4375
0.1875 0.5625
0.1875 0.6875
0.1875 0.8125
0.1875 0.9375
0.3125 0.0625
0.3125 0.1875
0.3125 0.3125
0.3125 0.4375
0.3125 0.5625
0.3125 0.6875
0.3125 0.8125
0.3125 0.9375
0.4375 0.0625
0.4375 0.1875
0.4375 0.3125
0.4375 0.4375
0.4375 0.5625
0.4375 0.6875
0.4375 0.8125
0.4375 0.9375
0.5625 0.0625
0.5625 0.1875
0.5625 0.3125
0.5625 0.4375
0.5625 0.5625
0.5625 0.6875
0.5625 0.8125
0.5625 0.9375
0.6875 0.0625
0.6875 0.1875
0.6875 0.3125
0.6875 0.4375
0.6875 0.5625
0.6875 0.6875
0.6875 0.8125
0.6875 0.9375
0.8125 0.0625
0.8125 0.1875
0.8125 0.3125
0.8125 0.4375
0.8125 0.5625
0.8125 0.6875
0.8125 0.8125
0.8125 0.9375
0.9375 0.0625
0.9375 0.1875
0.9375 0.3125
0.9375 0.4375
0.9375 0.5625
0.9375 0.6875
0.9375 0.8125
0.9375 0.9375
256
82 2 1
82 1 10
82 10 11
82 11 2
83 3 2
83 2 11
83 11 12
83 12 3
84 4 3
84 3 12
84 12 13
84 13 4
85 5 4
85 4 13
85 13 14
85 14 5
86 6 5
86 5 14
86 14 15
86 15 6
87 7 6
87 6 15
87 15 16
87 16 7
88 8 7
88 7 16
88 16 17
88 17 8
89 9 8
89 8 17
89 17 18
89 18 9
90 11 10
90 10 19
90 19 20
90 20 11
91 12 11
91 11 20
91 20 21
91 21 12
92 13 12
92 12 21
92 21 22
92 22 13
93 14 13
93 13 22
93 22 23
93 23 14
94 15 14
94 14 23
94 23 24
94 24 15
95 16 15
95 15 24
95 24 25
95 25 16
96 17 16
96 16 25
96 25 26
96 26 17
97 18 17
97 17 26
97 26 27
97 27 18
98 20 19
98 19 28
98 28 29
98 29 20
99 21 20
99 20 29
99 29 30
99 30 21
100 22 21
100 21 30
100 30 31
100 31 22
101 23 22
101 22 31
101 31 32
101 32 23
102 24 23
102 23 32
102 32 33
102 33 24
103 25 24
103 24 33
103 33 34
103 34 25
104 26 25
104 25 34
104 34 35
104 35 26
105 27 26
105 26 35
105 35 36
105 36 27
106 29 28
106 28 37
106 37 38
106 38 29
107 30 29
107 29 38
107 38 39
107 39 30
108 31 30
108 30 39
108 39 40
108 40 31
109 32 31
109 31 40
109 40 41
109 41 32
110 33 32
110 32 41
110 41 42
110 42 33
111 34 33
111 33 42
111 42 43
111 43 34
112 35 34
112 34 43
112 43 44
112 44 35
113 36 35
113 35 44
113 44 45
113 45 36
114 38 37
114 37 46
114 46 47
114 47 38
115 39 38
115 38 47
115 47 48
115 48 39
116 40 39
116 39 48
116 48 49
116 49 40
117 41 40
117 40 49
117 49 50
117 50 41
118 42 41
118 41 50
118 50 51
118 51 42
119 43 42
119 42 51
119 51 52
119 52 43
120 44 43
120 43 52
120 52 53
120 53 44
121 45 44
121 44 53
121 53 54
121 54 45
122 47 46
122 46 55
122 55 56
122 56 47
123 48 47
123 47 56
123 56 57
123 57 48
124 49 48
124 48 57
124 57 58
124 58 49
125 50 49
125 49 58
125 58 59
125 59 50
126 51 50
126 50 59
126 59 60
126 60 51
127 52 51
127 51 60
127 60 61
127 61 52
128 53 52
128 52 61
128 61 62
128 62 53
129 54 53
129 53 62
129 62 63
129 63 54
130 56 55
130 55 64
130 64 65
130 65 56
131 57 56
131 56 65
131 65 66
131 66 57
132 58 57
132 57 66
132 66 67
132 67 58
133 59 58
133 58 67
133 67 68
133 68 59
134 60 59
134 59 68
134 68 69
134 69 60
135 61 60
135 60 69
135 69 70
135 70 61
136 62 61
136 61 70
136 70 71
136 71 62
137 63 62
137 62 71
137 71 72
137 72 63
138 65 64
138 64 73
138 73 74
138 74 65
139 66 65
139 65 74
139 74 75
139 75 66
140 67 66
140 66 75
140 75 76
140 76 67
141 68 67
141 67 76
141 76 77
141 77 68
142 69 68
142 68 77
142 77 78
142 78 69
143 70 69
143 69 78
143 78 79
143 79 70
144 71 70
144 70 79
144 79 80
144 80 71
145 72 71
145 71 80
145 80 81
145 81 72
